40.40166666666667	0.05516290469646379	0.10493657976764109						
40.43666666666667	0.05524029946174219	0.10394273005962307	0.001481714804388524	-0.031204594408882364	0.031239753375857444			
40.47	0.05526415520809702	0.10280426581636762	0.003936434202037827	-0.03494645244252428	0.03516745729427398	0.03737949244856271	0.04074384360151358	0.05529274136029751
40.50333333333333	0.0555027284085447	0.10161296656345492	0.005364461431346969	-0.029944458163038885	0.03042117718179879	0.02178177152851154	0.11745347177712166	0.11945611580584475
40.536666666666655	0.05562178597018674	0.1008079686054987	0.0043106702501571085	-0.025197740210012493	0.025563802332533983	-0.028611004461249638	0.061273791252228066	0.067624456158281
40.57000000000001	0.055790106425221864	0.0999331172161205	0.0040649578715528795	-0.026894054408977734	0.027199522882774146	-0.03111131474634172	-0.03875861370044839	0.04970054367133749
40.60333333333334	0.05589278316162366	0.09901503164489972	0.002003515666870232	-0.02778291570636376	0.027855062020650908	-0.04721486208555301	0.04708753847014283	0.06668192769360355
40.63666666666667	0.055923674136346524	0.09808092283569636	7.723643706357035E-4	-0.024267455616430112	0.02427974359041777	-0.00791332948802044	0.06805233362528253	0.06851088158411577
40.67	0.05594427411966607	0.09739720127047113	0.0014647223445437604	-0.02193529191505561	0.02198414071428105	0.026170603822978224	0.050529285393195164	0.05690438635822592
40.703333333333326	0.056021322292649445	0.09661857004135954	0.0027223443494544383	-0.02203173644764197	0.0221992920980684	-0.015163836775594706	-0.0017425772238801485	0.015263633942743266
40.736666666666665	0.05612576374296302	0.09592841884062842	7.856147792782289E-4	-0.021373342040258148	0.021387775493287905	-0.025441194993470775	0.003833762326587932	0.025728430505426624
40.769999999999996	0.05607369661126799	0.09519368057200894	6.44602764376971E-5	-0.02214250332108679	0.022142597147841035	0.015436862701578333	-0.030963163615451646	0.0345978934495239
40.80333333333333	0.056130061094725514	0.09445225195255605	0.0024993355505134513	-0.02322970421574103	0.023363771873241634	0.060234497633265015	0.01817234380187316	0.06291604552405759
40.83666666666667	0.05624031898130222	0.09364503362429263	0.003982339828437279	-0.021575872748721203	0.021940312563365365	0.06711187109423437	0.019255060576747824	0.06981948581580474
40.87	0.056395550416621365	0.09301386043597457	0.006751496313247767	-0.020786153799178586	0.021855134230448107	0.00891714430995145	0.0473742874859724	0.048206208909725115
40.903333333333336	0.056690418735518666	0.0922592900376808	0.005549783206688442	-0.0197378517201885	0.020503240821133355	-0.03587186071219794	0.02466751017786025	0.04353477287560105
40.936666666666675	0.05676553596373396	0.09169800365462846	0.0030108379249220818	-0.017897585591159757	0.01814906925996588	-0.030523475475320812	-0.011599371536283673	0.032653146481300376
40.97	0.056891141263846756	0.09106611766493689	0.004147907676527787	-0.0209439787762728	0.021350770128357517	0.06608607028816645	-0.05498679616500588	0.0859704393301813
41.00333333333333	0.057042063142169086	0.09030173840287717	0.007055733028303022	-0.022098848243548415	0.02319789779825036	0.04691673478934274	-0.005532893349827903	0.047241855510914185
41.036666666666655	0.05736152346573359	0.08959286111536724	0.008148755545221001	-0.020850466079218404	0.022386249186864854	0.0019351528027316582	0.0715182081285392	0.0715443841981114
41.07	0.05758531351185053	0.08891170733092921	0.0064510898609360205	-0.017719026496332776	0.018856841208739455	0.014000319187986691	0.07478232118537763	0.07608156477911379
41.103333333333346	0.05779159612312945	0.08841159268227794	0.008834135069901605	-0.015130370491670826	0.017520560882816758	0.022100467360655206	0.015104201161476106	0.02676877939476737
41.13666666666667	0.05817425584984398	0.08790301596481775	0.009063112156078511	-0.016901413611323187	0.01917805475053919	-0.04213863902988358	8.931561631606944E-6	0.04213863997643518
41.17	0.058395803600201246	0.08728483177485657	0.005167707970479956	-0.01595190552767024	0.01676807966440637	-0.04084827450701204	0.013597130565499946	0.04305186975980791
41.203333333333326	0.05851876971454262	0.0868395555963066	0.005940933873049409	-0.014811437576085338	0.015958489225306342	0.030342269834653365	-0.042982110619366444	0.0526128802862414
41.23666666666666	0.05879186585840451	0.08629740260311772	0.008063648932237964	-0.01918577142358609	0.020811445389988536	0.030156270512639503	-0.0954998605703954	0.100148010565345
41.27	0.05905634631002521	0.08556050416806735	0.0076354319611429125	-0.021842853589982766	0.02313892984099882	0.05380664799089647	-0.07180795021868408	0.08973035764235676
41.30333333333333	0.05930089465581406	0.08484121236378547	0.01105287927130222	-0.023242518788914937	0.025736760088228786	0.06057707776823177	-0.07195610876300312	0.09405989548820227
41.33666666666667	0.059793204928112076	0.08401100291547292	0.013027309279774612	-0.02687217559805415	0.029863432629949938	0.08840057058426048	-0.0738383968652298	0.11518146435624961
41.37	0.060169381941132416	0.08304973399058177	0.015338579777470676	-0.028532704680397966	0.032394247420933185	-0.17918306068633644	-0.12419826062012768	0.21801783683448583
41.40333333333333	0.06081577691327661	0.08210882260344668	0.004601598766498772	-0.03396439260105471	0.034274694396397215	-0.34771066250329	0.07380285933815288	0.35545684247875164
41.436666666666675	0.06047615519223243	0.08078544115051109	-0.01233966740080014	-0.02709606337917147	0.029773546013373127	-0.3088589837492617	0.10158304699192626	0.32513533686572826
41.47	0.05999313241988985	0.08030241837816851	-0.014490683170280148	-0.021736024755420223	0.02612345059347408	0.08733129969707046	0.2781951600251281	0.29158069718036234
41.50333333333333	0.059510109647547216	0.0793363728334833	-0.007245341585140765	-0.014490683170280839	0.016201076304580213	0.1863087836178606	0.2484117114905015	0.3105146393631176
41.536666666666655	0.059510109647547216	0.0793363728334833	0.0	-0.0	0.0	0.0	0.12420585574522139	0.12420585574522139
41.57	0.059510109647547216	0.0793363728334833	-0.007245341585135522	-0.007245341585136213	0.010246460333724922	-0.06210292787260696	-0.06210292787260696	0.08782680286051886
41.603333333333346	0.05902708687520464	0.07885335006114069	-0.007245341585137839	-0.007245341585138529	0.010246460333728198	0.4347204951082438	-0.06210292787260034	0.43913401430258847
41.63666666666667	0.05902708687520464	0.07885335006114069	0.021736024755420913	-0.007245341585140074	0.022911781834978065	0.1863087836178606	-0.1863087836178813	0.2634804085816274
41.67	0.06047615519223243	0.07837032728879809	0.014490683170280148	-0.021736024755420223	0.02612345059347408	-0.2484117114905752	-0.06210292787263344	0.25605693127902296
41.703333333333326	0.05999313241988985	0.0774042817441129	-0.007245341585139384	-0.014490683170280148	0.016201076304578975	-0.18630878361788217	0.248411711490475	0.3105146393631093
41.73666666666666	0.05999313241988985	0.0774042817441129	0.007245341585137067	-0.0	0.007245341585137067	0.18630878361782086	0.24841171149044852	0.31051463936305135
41.77	0.06047615519223243	0.0774042817441129	0.007245341585136295	-0.0	0.007245341585136295	-0.31051463936304313	0.12420585574520068	0.3344345015995783
41.80333333333334	0.06047615519223243	0.0774042817441129	-0.014490683170277059	0.007245341585138529	0.01620107630457583	-0.2481087186826388	0.06017099205410576	0.25530077275855645
41.83666666666667	0.059510109647547216	0.07788730451645548	-0.014473008589825094	0.007132645329059945	0.016135135792155936	0.1235864009061717	-0.08363694309860609	0.14922713137972085
41.87	0.059511287952910885	0.07787979143271681	-2.7297575386542363E-5	-0.0013124990162229823	0.0013127828553147244	0.22786699102260735	-0.12997575492573563	0.2623300639770667
41.90333333333333	0.0595082898091881	0.07779980458204064	-0.001212090814984833	-9.928269603066916E-4	0.0015668023222099277	-0.008280897662384134	0.013233356173531125	0.0156107329011297
41.936666666666675	0.059430481898578524	0.07781360296869635	-0.0010714231906760814	1.628360405551675E-4	0.0010837265474381436	-0.020074288543109765	0.008420643705610319	0.021768883777742547
41.97	0.059436861596476376	0.07781066031807765	-0.001751683916194325	-6.271805237049187E-4	0.0018605783916751972	0.012228350100546405	-0.02722739167225404	0.029847334947292397
42.00333333333333	0.059313702970832216	0.0777717909337827	-0.001329640194708878	-0.001694878976231686	0.0021541953930545926	0.022271106796047352	0.013777478550560005	0.026188186518582908
42.036666666666655	0.05934821891682912	0.07769766838632888	7.300232675488802E-4	-8.789299861393195E-5	7.35295281072912E-4	0.02389061048595862	0.014017676457504555	0.027699395709276285
42.07	0.05936237118866877	0.07776593140054178	-8.874880587403346E-5	1.9071052962269E-4	2.1034936808327661E-4	-0.03179944764335595	-0.03390987362218077	0.04648746497169756
42.103333333333346	0.059342302329770835	0.07771038242163708	-0.0013816029921798906	-0.0029945589082899463	0.003297909926486638	-0.0029965828145162503	-0.01587530485374448	0.016155643372010205
42.13666666666667	0.05927026432252347	0.07756629413998911	-6.533180826757244E-4	-0.0013993936907532468	0.0015443857092291026	0.03360796190677088	-0.0069934321583127795	0.03432787783828015
42.17	0.05929874779092581	0.07761708950892021	0.0013327725197552417	-0.0019408817381818774	0.002354422330641349	0.05151423141169042	-0.04483911407636011	0.06829540386504811
42.203333333333326	0.05935911582384046	0.07743690202411033	0.0025908129835159072	-0.005747380081598101	0.006304338959629724	0.001478943135469455	-0.05411365090377689	0.05413385712226486
42.23666666666666	0.0594714686564935	0.07723393083681374	0.001808930200695606	-0.0052683891428846686	0.005570291970072457	-0.028731539170368494	0.04547746370748914	0.05379313198136367
42.27	0.059479711170553506	0.0770856760812513	8.957766357553369E-5	-0.0025535794971851098	0.0025551501729361836	-0.02815346866139913	0.05655976657783475	0.06317930826629503
42.305	0.059477589796837815	0.0770594362378394	4.6440606369894064E-5	-9.472771444717234E-4	9.484148450749312E-4	-0.00518090772513934	0.02891564234511524	0.029376115759014672
42.338333333333345	0.05948288461198881	0.07702094547637905	-1.6238380788399142E-4	-9.801228673947675E-4	9.934834353189015E-4	-0.013373143387812737	-0.0019266095262556364	0.013511209728875446
42.37166666666667	0.059466764209645584	0.0769940947133464	-9.127369320366765E-4	-9.988718397103355E-4	0.0013530830200952323	-0.0027676445189843595	-5.351991585822246E-4	0.002818917225250023
42.405	0.059422035483186364	0.07695435402039838	-5.383921690281956E-4	-0.001108017292678251	0.001231896281569567	0.005312718731647349	-0.045794880520870815	0.046102017984492066
42.438333333333325	0.05943087139837705	0.07692022689383454	-2.0109352698332949E-4	-0.0036281381222132195	0.003633706763134783	-0.016964184037729483	-0.008211791842109187	0.01884720311675148
42.47166666666666	0.05940862924805412	0.07671247814558421	-0.0017610550625805552	-0.002889200646115917	0.0033836068487572897	-0.012346439959724903	0.017242490715827057	0.02120702868778354
42.505	0.059313467727538316	0.07672761351742677	-0.0014681978010815614	-9.506952630919577E-4	0.0017491215699219475	0.02049912873105368	-0.01744254679190253	0.02691573363889641
42.53833333333334	0.0593107493946487	0.07664909846137805	1.2805135392689407E-4	-0.004609060751495484	0.004610839203465961	0.02517941797906499	-0.051068418342087585	0.05693844432127496
42.57166666666667	0.059322004484466784	0.0764203428006604	1.0540225133943524E-4	-0.005056490868065544	0.00505758930058755	0.006861045783373983	0.021907548352869368	0.02295679908164166
42.605	0.05931777621140466	0.07631199907017375	4.121538030236649E-4	-0.0024280309541790885	0.0024627637060421945	0.014347635709647512	0.06624302927795168	0.06777900543956304
42.63833333333333	0.059349481404668336	0.0762584740703818	0.0012118486651785264	-7.811736799735251E-4	0.0014418077214311052	0.006786356015495316	0.032527798038780864	0.03322818492215254
42.671666666666674	0.05939856612241662	0.07625992082484218	9.383710042291169E-4	-1.1828791169158493E-4	9.45797109125587E-4	-0.042337529489769044	-0.014670736112902583	0.04480733088894592
42.705	0.05941203947161694	0.07625058820960237	-0.00152492581916718	-0.0017178118926436318	0.002297014682685026	-0.0800121520304869	-0.012495630975186842	0.08098200581621695
42.73833333333333	0.05929690440113883	0.07614540003199927	-0.004693567678471028	-0.0015661164363017692	0.004947958997853809	-0.07141203626240046	0.020100088354154513	0.07418687535532964
42.771666666666654	0.05909913495971891	0.07614618044718227	-0.006310385716536281	2.4945770724370237E-4	0.006315314484581777	-0.0035268233145493238	0.00990486004281751	0.010514025640060593
42.805	0.0588762120200364	0.07616203054581552	-0.0050879502754549045	-8.753103079270026E-4	0.005162693690377622	0.033049639115060085	-0.017400344686519333	0.03735037671624466
42.838333333333345	0.058759938274688506	0.07608782642665379	-0.0035826211439807347	-0.0014409690329318426	0.0038615496908840055	0.06259592637943114	-0.06186132587011892	0.08800610000283053
42.87166666666667	0.05863737061043767	0.07606596594362006	-0.0014837256284267806	-0.0040913103793917	0.004352041171791543	0.048791187641582454	-0.055395770080141175	0.07381917998899726
42.905	0.058661023232793374	0.07581507240136104	3.6018361799472633E-4	-0.006390136898464015	0.00640027982355327	0.020691321127245494	-0.009948803828183061	0.02295886468452797
42.938333333333325	0.0586613828516373	0.07563995681705588	-4.5142942234470163E-4	-0.004103322584714972	0.004128080032847041	-0.026943380327826248	0.0683732431573051	0.07349044919809555
42.97166666666666	0.05863092793797042	0.07554151756238009	-0.0014426225616266768	-0.001826625242065788	0.0023275995425042968	-0.04415607213259997	0.02555668039049621	0.05101864971519087
43.005	0.05856520801419551	0.07551818180091813	-0.003291687872556141	-0.002049240029497843	0.003877446807994855	0.011041887576358048	-0.023733636676976977	0.026176493102852357
43.03833333333334	0.05841148207979996	0.07540490156041355	-0.0014585575326604057	-0.0038856709743763087	0.00415040106461905	-0.021414499093779182	-0.041645569748471355	0.04682877588739921
43.07166666666667	0.05846797084535149	0.07525913706929302	-0.0029642567367575054	-0.004722196811113144	0.005575478519759484	-0.07007514606684803	0.05044785098531736	0.08634530540409752
43.105	0.05821386496401615	0.07509008843967271	-0.007875734238212589	-0.0011175107056493854	0.007954622553471348	-0.06271217817716829	0.055746773394926646	0.08390780676236391
43.13833333333333	0.05794292189613742	0.07518463635558309	-0.0067487460294990646	5.06672395071859E-4	0.006767738905026349	-0.01769715739052287	0.009035683204161067	0.019870403887966057
43.171666666666674	0.05776394856204947	0.07512386659934417	-0.008218295415893353	-0.001755311726526155	0.008403659845577637	-0.004622851233723424	-0.007426051405573363	0.008747399213901027
43.205	0.0573950355350778	0.07506761557381467	-0.008442960048097121	1.0737654340079758E-4	0.008443642821427068	0.02761948899506862	-0.04401396074155765	0.051962148844212505
43.23833333333333	0.057201084558843096	0.0751310250355709	-0.005294943177323089	-0.0034253391151408013	0.0063062961637393705	0.028689787683697083	-0.07839210013525576	0.08347709434899842
43.271666666666654	0.057042039323256355	0.07483925963280533	-0.006507596045021311	-0.00712930744840115	0.009652762867645985	0.0548535524165169	-0.0047890136049131265	0.05506220903686675
43.305	0.056767244822508334	0.07465573787234411	-0.002963272108398656	-0.0028928709248095515	0.004141217668273654	0.09738903963817427	0.09224298092495585	0.13413945195790702
43.338333333333345	0.05684448784936302	0.07464640157115127	0.0018137127242263355	-4.420759499333826E-4	0.0018668114504496746	0.08187697707283562	0.042844798242463886	0.09240950227667653
43.37166666666667	0.05688815900412342	0.07462626614234857	0.0015610958468086347	-4.7458448440735766E-4	0.0016316404860640611	0.0018069473230952864	-0.012521107817300358	0.012650818139586916
43.405	0.0569485609058169	0.07461476260552413	0.002044598586737809	-0.001107734716105738	0.002325394500328085	-0.002295273867614023	0.0037183226773520096	0.004369691712267818
43.438333333333325	0.05702446557657259	0.07455241716127486	0.0015434756391645452	-6.389966339143333E-4	0.0016705190052340767	-0.020701372188592065	-0.024175734494890015	0.031827864346481494
43.47166666666666	0.057051459281761197	0.07457216282992984	4.701863006509757E-4	-0.0019023025481925977	0.0019595484536443337	-0.019406032789546036	-0.04950940783249602	0.0531768330436606
43.505	0.0570558113299493	0.07442559699139534	2.4164463227058786E-4	-0.0047743817280629375	0.004780492967630685	-4.2492589871556577E-4	-0.051493203601873185	0.05149495683271678
43.53833333333334	0.05706756892391257	0.07425387071472556	5.00940549872422E-4	-0.005094776044317609	0.005119344135361391	0.028858957184284998	0.014749395796300049	0.03240962952766212
43.57166666666667	0.05708920736660744	0.07408594525510748	0.0019991901668421908	-0.003885494178726007	0.004369648308057777	-0.003899450942313551	0.013929922784753624	0.014465423133828759
43.605	0.05720084826836869	0.07399483776947721	9.484910212366977E-4	-0.003706062410299759	0.003825510920962518	-0.030321237544960335	0.03471323339687087	0.04609106224772373
43.63833333333333	0.057152440101356505	0.07383887442775419	-9.699167057483217E-4	-0.002346974484602616	0.002539493580906514	-0.028600235412641437	0.04243005123584994	0.05116915783492396
43.671666666666674	0.05713618715465213	0.07383837280383701	-4.786918921932079E-4	-6.501320466451757E-5	4.83086580679141E-4	0.00989321244379613	0.040277512084964086	0.041474734866090594
43.705	0.05712052730854367	0.0738345402141099	-3.8836439205762284E-4	-2.243518988769479E-5	3.89011874836211E-4	0.003195114673567747	0.002015768327379927	0.0037778406169286702
43.73833333333333	0.05711029619518165	0.07383687712451115	-2.5159470730348315E-4	9.884453206233514E-5	2.703148872366214E-4	3.023474205346732E-4	-3.09852790994024E-4	4.329234514215612E-4
43.771666666666654	0.05710375432805681	0.07384112984958072	-3.4305811241294054E-4	-2.6141326017024896E-5	3.4405266663442406E-4	-0.020788790590049566	-0.0039563181115076914	0.021161906038832543
43.805	0.057087425654354096	0.07383513436944336	-0.0015376752077221152	-2.088022301609323E-4	0.0015517871683202657	-0.009072356037049424	-0.025160881001013508	0.026746543268432833
43.838333333333345	0.05700124264754197	0.07382720970090331	-0.0013961863795622293	-0.0015083282974295445	0.0020553322503434313	-0.009878032992212604	-0.005527482630707306	0.011319390444189637
43.87166666666667	0.05699434656238328	0.0737345791496147	-0.0015192418865348908	-0.0011665328375668384	0.0019154359219049418	-0.009574671316562988	0.01435613452626976	0.017256098323681652
43.905	0.05689995985510632	0.07374944084506554	-0.0026108885389152245	1.3530473381431136E-4	0.002614392153758008	-0.0013102180145725122	0.03039264323800607	0.030420871687682233
43.938333333333325	0.05682028732645561	0.07374359946520234	-0.0014853149310226368	4.5109828646103137E-4	0.0015523047730284345	0.0518142944320721	0.004484348055678727	0.052007984819428706
43.97166666666666	0.05680093885970483	0.07377951406416294	8.640424338728218E-4	7.100615449081235E-4	0.0011183723552959366	0.03009507895811894	-0.0013802827971966863	0.030126715023308638
44.005	0.05687789015538047	0.07379093690152955	9.924795597315516E-4	1.868935780029076E-4	0.0010099232079636862	-0.0028954258487850298	-0.01846620542479032	0.01869182264083329
44.03833333333334	0.056867104163686955	0.0737919736360298	3.7112937425782296E-5	-4.450295430358533E-4	4.4657436592248603E-4	-0.03476441217941196	-0.009886142481912143	0.03614277476000859
44.07166666666667	0.056880364351208856	0.07376126826532717	-8.550981399522176E-4	-6.278638557972143E-4	0.001060851474225439	0.005847674437152436	0.008643482742804588	0.010435760166278583
44.105	0.05681009762102346	0.0737501160456433	-2.482246032113431E-4	2.0582224960187442E-4	3.2245658943585726E-4	0.016402769841171352	0.012973226152803264	0.0209130450980774
44.13833333333333	0.05686381604432811	0.07377498974863395	0.0010316187519584469	3.991020898419934E-4	0.0011061282599719394	0.02044114465114925	0.0033697320729435894	0.02071703378605712
44.171666666666674	0.05687887220448734	0.07377672285163275	6.675169199801592E-4	2.2807840022291676E-4	7.054066877398053E-4	-0.020096011887216516	9.774705474574316E-4	0.020119769940093606
44.206666666666656	0.05690942970052676	0.0737905751059825	-5.25643315161394E-5	5.350724169377345E-4	5.376481194195023E-4	-0.022471904508598373	-0.016886142732578522	0.02810922106050928
44.24	0.056875280308500364	0.07381328613345683	-0.001144934263304361	-7.095833690448266E-4	0.0013469903581367264	-0.00346872630787909	-0.023686852765809296	0.02393948738273441
44.27333333333334	0.05683310074963982	0.07374326954804616	-3.215372342134772E-4	-0.0015635001700246697	0.0015962202149618402	0.03604210131531567	0.009254817437971897	0.03721135193773089
44.30666666666667	0.05685384449288611	0.0737090527887885	0.001429446412557726	9.877967765074778E-5	0.001432855355955701	0.018078096025781042	0.031459084378603785	0.03628348861200467
44.34	0.05692839717714371	0.07374985485988955	0.001136585424874243	8.342543130841954E-4	0.0014098959844386205	-0.020740621980276982	0.008817161197004587	0.022536985861084265
44.37333333333333	0.056929616854544396	0.07376466974299412	-3.304207543864749E-4	4.182101708362064E-4	5.329893262722774E-4	-0.02032740442771365	-0.00873940238419043	0.022126466613551877
44.40666666666667	0.05690636912685132	0.07377773553794531	-2.3268537161310595E-4	3.113376795225349E-4	3.886819173221284E-4	0.016428178168506405	-0.0012097212349087814	0.016472658055164617
44.44	0.05691410449643686	0.07378542558829562	8.602628683674596E-4	3.0732501429321446E-4	9.135101899279141E-4	0.01712515149024258	-0.0010121347130648136	0.017155035127948543
44.47333333333333	0.05696371998474248	0.0737982238722315	0.00108038268905266	2.906082398192503E-4	0.0011187850123484402	0.008380199413356593	0.0073474534720836425	0.011145080292759499
44.506666666666675	0.05698613000904035	0.07380479947095026	0.0011450668540892329	6.892563277026725E-4	0.001336507532942477	-0.002847747751105124	8.787914186787318E-4	0.0029802586484175613
44.54	0.057040057775015085	0.07384417429407833	0.0011506471328129198	5.878652556455178E-4	0.0012921201116946378	-0.016275273891849396	0.005758090894133416	0.017263839404947464
44.573333333333345	0.05706283981789456	0.07384399048799328	-3.791704614988239E-5	7.284552440952587E-4	7.294413924631746E-4	-0.01728100277269996	0.0011629841088099389	0.017320092057128568
44.60666666666667	0.057037529971938394	0.07389273797701801	-2.181005285276622E-4	0.0010226907086492035	0.00104568835037092	0.001134372470939406	-0.004208438596167423	0.004358641568256881
44.64	0.057048299782659406	0.07391216986856988	2.9885210639962577E-4	2.6309601160616545E-4	3.981608881125377E-4	0.006931350275231518	-0.019080240519526826	0.020300226474622034
44.67333333333333	0.0570574534456984	0.07391027771112507	1.7410712991303113E-4	-2.502536891309054E-4	3.0486095455171193E-4	-0.006155191399020913	0.006025212676334421	0.008613336691064736
44.706666666666656	0.05705990692465357	0.07389548628929449	-1.1045210583710224E-4	5.178222681651618E-4	5.294710276224405E-4	0.0026096683340385515	0.01932972987939304	0.019505097436926164
44.74	0.057050089971975915	0.07394479919566943	2.3430954548536368E-4	0.0013580963487084734	0.0013781606058369414	0.002420847698343405	0.04538813633092337	0.04545265034267045
44.77333333333334	0.0570755275610193	0.07398602604587509	2.951730728066741E-4	0.003104818132866165	0.0031188175293025196	0.001257551294406688	-0.008068612866814965	0.008166024054127929
44.80666666666667	0.05706976817682968	0.07415178707119385	7.368940507938267E-5	0.0018214335781598756	0.0018229235881048994	-0.011251131396740699	0.011395475013267313	0.016013894232344734
44.84	0.05708044018802455	0.07410745495108573	-2.3790745995264982E-4	0.002193855584606035	0.0022067175364346493	-0.0015109425981863773	0.02781892891274021	0.027859930965225082
44.87333333333333	0.05705390767949953	0.07429804411016755	-2.934828110476273E-4	0.005206114025326621	0.005214379675961751	0.002438746863652247	0.02649549713724729	0.02660749621469207
44.90666666666667	0.05706087466728804	0.07445452921944085	1.555989961123797E-4	0.00348364587738055	0.003487119104157712	-4.852377528146363E-4	-0.03459565120062621	0.03459905399967095
44.94	0.05706428094590699	0.07453028716865961	-3.4849366540119233E-4	0.002582580671548448	0.002605987482679146	-0.037567119375140144	-0.02847218641613866	0.047137605555027724
44.97333333333333	0.057037641756261304	0.07462670126421073	-0.0022611573127570765	0.0019776894339318687	0.0030040119657086185	-0.0619701749970493	-0.01715426977092571	0.06430063421567947
45.006666666666675	0.056913537125056535	0.07466213313092177	-0.004694411351922395	0.001124548218610472	0.004827225563099142	-0.0673390367804063	-0.004495923428712244	0.06748895614831923
45.04	0.05672468099946648	0.07470167114545143	-0.006674903999502821	0.001746223342563795	0.0068995390690026115	-0.03271406353711058	0.012872026472259601	0.03515535547555536
45.073333333333345	0.05646854352508962	0.07477854802042602	-0.007107341840820202	0.0021554578828288373	0.007426998500533205	0.02860051943779039	-0.02167059438155595	0.035883204608303174
45.10666666666667	0.056250858210078414	0.07484536833764002	-0.00471814917039278	4.0668115376880936E-4	0.004735643689606389	0.0753643075114597	-0.018665494417808754	0.0776413519237211
45.14	0.05615400024706352	0.07480566009734393	-0.0018048854293482815	2.6767319379752947E-4	0.0018246260854628547	0.031774577568250376	0.0046551009717043694	0.03211376254345671
45.17333333333333	0.056130532514788556	0.07486321321722653	-0.0023142054150281006	0.0014076889117912615	0.0027087145983520394	0.010137384375487172	0.04605557185885732	0.04715805616459124
45.206666666666656	0.05599971988606167	0.07489950602479667	-0.0020186247308336875	0.0027947958765543305	0.0034475686788718895	-0.023919333226857735	0.05619822361669442	0.06107679460883201
45.24	0.055995957532732954	0.07504953294233016	-0.0027566227877738234	0.005538924447489016	0.00618697448104204	-0.04197177258923283	0.06172386955310921	0.07464225188786522
45.27333333333334	0.05581594503354337	0.07526876765462936	-0.00578885422582835	0.006914413394562434	0.009017757251046135	-0.04216977893757349	-0.014155181749165711	0.04448212479182768
45.30666666666667	0.055610033917677715	0.075510493835301	-0.005410766184203109	0.004881891524916005	0.007287609728927764	0.023528842470656224	-0.03345364305591426	0.04089929903704312
45.34	0.05545522728792984	0.07559422708962374	-0.004033054769159308	0.0037780039353521866	0.0055261962059426776	0.019317606529396056	-0.057394293439888396	0.06055802871204265
45.37333333333333	0.055341163599733845	0.07576236076432444	-0.003978333741680619	0.0021668942270901856	0.004530184317617914	0.019581732123383804	-0.01058086282765808	0.022257558067534673
45.40666666666667	0.055190005038484424	0.07573868670476311	-0.0031689986098608	0.0017222289301063352	0.003606747104662995	0.06441283932922155	0.0324185450928706	0.07211085865797602
45.44	0.05512989702574311	0.07587717602633154	4.6196099966590743E-4	0.005274201382648459	0.005294394034253896	0.07924976132489356	0.05196797570388891	0.09476916781745306
45.47333333333333	0.05522080243846217	0.07609030013027293	0.0025865048250445755	0.0053134550472964046	0.005909552584554816	0.026040933473640948	-0.012992030471748746	0.029101942752287887
45.506666666666675	0.05530233068074608	0.07623140636281803	0.0019106866740313325	0.003976198902989427	0.004411448886982058	-0.024834018058019575	-0.02840878147673722	0.03773310639079494
45.54	0.05534818155006427	0.0763553800571389	8.702734744156377E-4	0.0035277820911384264	0.0036335413033056984	-0.035291954922816025	-0.04848779940191799	0.059971566372029314
45.573333333333345	0.05536034891237379	0.0764665918355606	-4.0063699903143386E-4	0.0010520295686333328	0.001125733635578039	-0.03678287451264206	-0.021688491850129336	0.04270094303579137
45.60666666666667	0.05532147241679547	0.07642551536171446	-0.0016582231396479947	0.0011204581745396915	0.0020012822144207625	0.00521131912046799	-0.01179353931206643	0.012893619215744336
45.64	0.055249800703063956	0.07654128904719656	-3.426075198215211E-4	0.0015404493037240116	0.0015780887078938389	0.026456724808384263	0.003087171415817433	0.02663623312214427
45.67333333333333	0.05529863191547407	0.07652821198196275	7.888577535704029E-4	3.341625434264803E-4	8.567153324164316E-4	0.01936916842902952	-0.019501099104941792	0.027485588076897233
45.706666666666656	0.05530239121996866	0.07656356655009167	4.4922132917303906E-4	7.661224394902836E-4	8.881122647923151E-4	-0.0032279093991253783	0.005756816815961441	0.006600025677336293
45.74	0.05532858000408558	0.07657928681126208	7.68784135788296E-4	5.227195555020502E-4	9.296584217571624E-4	0.006492162368312475	-3.0283528427554597E-4	0.006499221601540826
45.77333333333334	0.05535364349568789	0.07659841452045846	8.194911067981025E-4	7.740129081019904E-4	0.0011272362911251923	-0.02076048235024336	0.03301645322359004	0.039001074483663585
45.80666666666667	0.055383212744538834	0.07663088767180223	-4.084508219453219E-4	0.0025487701429841134	0.0025812906298429603	-0.003861245265703983	0.03687100286004664	0.03707263231694627
45.84	0.05532641344089151	0.07676833252999074	-5.351234410291795E-5	0.0037121092096081393	0.0037124948962966877	0.015483793052250918	0.003229013045552623	0.015816901483327345
45.87333333333333	0.05537964525493194	0.07687836161910938	0.0013200038220928306	0.002531510969284201	0.002854988244799953	0.023291338039273655	-0.03328433426522162	0.040624294887895866
45.90666666666667	0.05541441369569772	0.07693709992794301	0.001166673741959417	0.001385842191998537	0.0018115424922703024	-0.0028603826910786907	-0.02750720710314693	0.027655528050551475
45.94	0.05545742350439592	0.07697075109857596	0.0012149584246064988	7.38770351761889E-4	0.0014219372722327418	-0.009654755086333618	-0.011467616446119435	0.014990681196409781
45.97333333333333	0.055495410924004784	0.07698635128472714	5.658117770862228E-4	5.815155156941134E-4	8.113588984428902E-4	-0.01965916107782226	0.0015741341327628097	0.01972208185135866
46.006666666666675	0.055495144289535	0.07700951879962226	-2.1873137719097952E-4	8.873498084188623E-4	9.139108807038322E-4	-0.014073530897429442	-9.81316695574535E-4	0.014107701952405802
46.04	0.055480828832192075	0.07704550793862172	-3.718658898299287E-4	6.038967721256325E-4	7.092076927126233E-4	0.0011000608967554342	-0.006532368209170615	0.006624346639235697
46.075	0.055469733453729964	0.07705078507905083	-1.256549117429866E-4	2.5987228958007435E-4	2.8865682693594445E-4	0.004671575692019989	-0.006947356052275766	0.008371939773037355
46.10833333333333	0.05547224241322296	0.0770632658784097	2.3387363924792785E-7	2.575643138542263E-4	2.575644200352167E-4	-0.0018754895756432053	-0.0012452210220985085	0.0022512300065125252
46.14166666666666	0.05546974904530588	0.07706795603330777	-2.78469481962332E-4	1.3347407341308514E-4	3.0880508522019385E-4	-0.00907760667798113	-0.005091232002748016	0.010407861754747378
46.175	0.055453677781092114	0.07707216414997059	-6.311274048023014E-4	-4.303950640373601E-5	6.325932343962945E-4	-0.0026144932304703497	-0.008692015806992193	0.009076712711173435
46.20833333333333	0.05542767388498576	0.07706508673288084	-5.054763262690592E-4	-4.582016851383941E-4	6.822426992516142E-4	0.005919490643295655	-0.02025367681090502	0.021100990352034582
46.241666666666674	0.05541997935934084	0.07704161737096135	-1.4850350548286216E-4	-0.0013474435732637037	0.0013556022551878396	0.011714856853082052	-0.007460459341226518	0.0138887121314504
46.275	0.05541777365128692	0.07697525716132994	2.1905645542663122E-4	-0.001215076504549935	0.0012346645870734967	0.013105272532344557	-0.025355534545810108	0.028542096984117943
46.30833333333333	0.05543458312303595	0.07696061227065804	7.585845740923698E-4	-0.0024386515295733327	0.0025539130444753315	0.03984733397225212	-2.5348291652547414E-4	0.039848140211121125
46.34166666666667	0.055468345956226406	0.0768126803926917	0.0026706344812846847	-0.00222951541272204	0.0034789405726732164	0.09094885500209833	0.014850391946065388	0.09215328733769876
46.375	0.0556126254217883	0.0768119779098099	0.006892809192001959	-4.6815820291875134E-4	0.006908689503828263	0.11355909630031298	0.012068923720014087	0.11419863078121066
46.40833333333333	0.055927866569026485	0.07678146984583045	0.010577127711377012	-0.001749036720619867	0.010720763035943673	0.07510940551635617	0.010288325249290168	0.07581076726597362
46.441666666666656	0.05631776726921328	0.07669537546176858	0.0118341378275693	-2.8490329732921754E-4	0.011837566811246966	0.011715907331305888	0.03854216474990795	0.0402835071487674
46.475	0.05671680909086446	0.07676247629267519	0.011329114050013562	0.0016482203353879018	0.011448382218995001	-0.0733841343456196	-0.03886372094537682	0.08303986981791378
46.50833333333334	0.057073041539214386	0.07680525681746114	0.007232326357647879	-0.0027343559817139145	0.007731962698969965	-0.07971849676408989	-0.08081192460234164	0.1135147826684294
46.54166666666667	0.05719896418137438	0.07658018589389423	0.004951544859019192	-0.0050746944623960896	0.0070901565834297995	-0.01386012612961905	-0.0199976085954503	0.024331203132310915
46.575	0.05740314452981565	0.07646694385330141	0.007010751797199153	-0.003062166527476486	0.007650327091303257	0.029721502766266398	0.03419453844183286	0.04530600606912031
46.60833333333333	0.05766634763452089	0.07637604145872914	0.007127969859030314	-0.002912465708135931	0.007700026676077972	-0.02522528318815567	-0.004426230678494687	0.025610670236092935
46.64166666666666	0.057878342520417625	0.07627277947275907	0.005155215303490935	-0.003413060252538765	0.006182655183075239	-0.03613800645993187	-0.020557987427165397	0.04157627157350173
46.675	0.05801002865475363	0.07614850410855986	0.004417603845495747	-0.004269281978104729	0.006143451175382502	-0.04705777051965628	-0.007219053220435209	0.04760828179718428
46.70833333333333	0.05817284944345069	0.07598816067421874	0.0026436885975521193	-0.004104682216461968	0.0048823667927518745	-0.04491487869314823	0.045076339789916854	0.0636335032579243
46.741666666666674	0.058186274561257134	0.07587485862746235	6.771017233835115E-4	-0.0012870184168074564	0.001454263782472249	-0.08481728226609836	0.022911208634498966	0.08785724131851935
46.775	0.0582179895583429	0.07590235944643159	-0.0021668121067081225	-0.0017121735531749243	0.0027616323039044385	-0.06543947483216135	-0.0334013973870531	0.07347093448239865
46.80833333333333	0.058041820420809964	0.07576071372391738	-0.004699331984799368	-0.004504032325510833	0.006509226397399686	-0.012134558560821079	-0.04343373831320854	0.04509697479129033
46.84166666666667	0.057904700759356276	0.07560209062473086	-0.0025817902854946835	-0.004373138613153573	0.0050783838382037925	0.060532692109783695	0.034959167288875256	0.06990243337387787
46.875	0.057869701068443635	0.07546917114970714	-4.02358499337657E-4	-0.0022719703857725744	0.0023073235134711454	0.042316846435309446	0.03557234551606978	0.05528206994807821
46.90833333333333	0.057877876859400434	0.07545062593234603	2.1050853725197084E-4	-0.0014402781922476073	0.0014555806797701047	0.020653084521250805	0.024447404361734926	0.032003522935266135
46.941666666666656	0.05788373497092708	0.07537315260355731	7.850221686750533E-4	-0.0012878326337112359	0.0015082349610597487	0.04896055854081576	-0.021775888882784443	0.05358475183542444
46.975	0.05793021167064544	0.07536477042343195	0.0033711805302370484	-0.0021923547621004	0.004021352704047936	0.05885087448255774	0.004173494015954145	0.05899867354155491
47.00833333333334	0.058108480339609636	0.07522699561941723	0.005206429616169052	-0.002014823495283785	0.005582689590624737	0.030061027604808253	0.03940875449382661	0.04956526315285477
47.04166666666667	0.058277306978390064	0.07523044885707969	0.005053925247474448	0.0011656995626181021	0.005186618925402916	0.016876603341595436	0.05896961224431114	0.06133705983004044
47.075	0.05844540868944126	0.07530470892359178	0.006185461186461009	0.0019561217686724767	0.006487398743956623	-0.0029444657864937645	0.002170350979595749	0.0036579095317495988
47.10833333333333	0.0586896710574874	0.07536085697499117	0.005453369670725151	0.0011564632564158624	0.0055746433095781945	-0.011285434258988954	-0.024282245344737597	0.026776640293285345
47.14166666666666	0.058808966667489526	0.07538180647401949	0.004589893502688755	2.7566831411277736E-4	0.004598164349545395	5.079837449225332E-4	-0.009487708168248718	0.00950129747828995
47.175	0.058995663957666644	0.07537923486259868	0.005988514657155142	4.266052848990812E-4	0.006003690520676911	0.007491107725325713	-0.028259538399837004	0.029235564053465717
47.20833333333333	0.059208200977966585	0.07541024682634609	0.00522067276258639	-0.0011209279454504598	0.005339653879504101	-0.04022657447963991	-0.007760770149306035	0.04096836398584128
47.241666666666674	0.05934370880850581	0.07530450633290198	0.003064245555971143	-0.001051749736079868	0.003239718866604473	-0.05637179258462626	-0.034650045101329366	0.06616951431534225
47.275	0.0594124840150313	0.07534013017727409	0.0014318235150482372	-0.002081948042740012	0.0025267817932924197	-0.04674658634002157	-0.045323287826553864	0.06511101100316088
47.30833333333333	0.059439163709509024	0.07516570979671933	2.164501244449085E-5	-0.005270939879580428	0.00527098432180509	-0.060611268932975484	-0.03437354973392939	0.06967974485441517
47.34166666666667	0.05941392701586096	0.07498873418530205	-0.002493206750317844	-0.004106236008687432	0.004803879063722541	-0.005139003363389255	0.02586873172388654	0.026374241914628373
47.375	0.05927294992615445	0.07489196072947349	-0.001146183154190668	-0.0031604143621049826	0.003361838003704211	-0.008353226971626585	0.021410265732480237	0.022982077355516134
47.40833333333333	0.05933751480558158	0.07477803989449508	-0.0014389135551629948	-0.002985909184584168	0.0033145325277957223	0.035340293922878754	-0.009450404082843344	0.03658205177248104
47.441666666666656	0.059177022355810294	0.07469290011716792	-7.72595977677851E-4	-0.0034958300012193438	0.0035801860206069224	-0.02316560486274017	0.018292733570532252	0.02951727206465883
47.475	0.05928600840706971	0.07454498456108044	-7.691517477592702E-4	-0.0023896514003377994	0.0025103840794224188	0.03899089359493322	-1.746025791542941E-5	0.03899089750431517
47.50833333333334	0.05912574557262634	0.07453359002381202	-5.174938274095531E-4	-0.0024729408751222115	0.0025265067649339864	-0.03373303099850587	-0.03670269195110494	0.049849824240451056
47.54166666666667	0.059251508818575715	0.07438012183607229	-5.917162863930601E-4	-0.005596194142689053	0.005627389896412907	-0.04940222922939713	-0.04877725705299762	0.06942478706087694
47.575	0.05908629782020014	0.07416051041429944	-0.005581597364896068	-0.005814355125129289	0.008059835895657676	-0.07503102698539675	0.03232918954110253	0.08169964202411091
47.60833333333333	0.05887940232758271	0.07399249816106374	-0.005281159900688419	-0.0033233309887637143	0.006239805987169515	0.04616799749351664	0.10574524320185015	0.11538431631889923
47.64166666666666	0.05873422049348764	0.07393895501504855	-0.0024256117388557217	0.0012126356991332494	0.002711840269353463	0.040903159133505056	0.07776144227257202	0.08786302027253211
47.675	0.05871769487832568	0.07407334054100595	-0.0019302206425685629	0.002622218183596699	0.0032560374585349854	0.008734912272826016	-0.014020859834141305	0.016519176822790034
47.70833333333333	0.05860553911731636	0.07411376956062168	-0.0026333012834622808	-3.099215887539487E-4	0.0026514763888558137	-0.004658374584865781	-0.05165273741608514	0.05186237303043475
47.741666666666674	0.058542141459428154	0.07405267910175567	-0.0018362733866109757	-0.0011522542542877128	0.002167853735126029	0.008217607948159645	-0.009678560082821823	0.012696598192683288
47.775	0.058483120891542284	0.07403695261033583	-0.0021211126448040882	-5.342745044065857E-4	0.002187365561127517	-0.0010400011247418677	0.005139475792341088	0.005243645083291241
47.80833333333333	0.058400733949774575	0.07401706080146192	-0.0020721879230019514	-8.836913806396103E-4	0.0022527479318494295	0.020391174874207	-0.005401206359193414	0.02109438415515092
47.84166666666667	0.05834497503000885	0.07397803985162651	-7.319172787932161E-4	-9.928134325706236E-4	0.0012334429110780645	0.04765904224701824	0.005875147749466579	0.04801980496608802
47.875	0.05835193946452172	0.07395087323929053	0.0011783480318299086	-4.5206689734188596E-4	0.001262088968254512	-0.01937374416038099	0.0018521995579220797	0.019462081234910705
47.90833333333333	0.05842353156546415	0.0739479020584704	-0.0013773448565932115	-7.033027219893337E-4	0.0015465165931025052	-0.09316829447312619	-0.00708592092058065	0.09343736602839293
47.941666666666656	0.05826011647408219	0.07390398639115792	-0.006005602641782346	-0.0011540430760592065	0.006115478600435396	-0.03993322716554542	0.013454442301007974	0.04213887337703996
47.976666666666674	0.05801314871827562	0.073869042448273	-0.004284905387424349	1.6445987521991224E-4	0.004288060310878983	0.06180534985246206	0.03454474631694353	0.0708042425881897
48.01	0.057967314605941456	0.07391522448263127	-9.512321751779588E-4	0.0014913534941987032	0.0017688917139702116	0.04863802773017261	0.019208881356887718	0.05229377462436641
48.04333333333333	0.05794973323993047	0.0739684660145529	-0.0012715403679626077	0.0013702237159066084	0.0018693121566478396	-0.007815748793499637	-8.937711552498998E-4	0.007866686474052958
48.07666666666667	0.05788254524807729	0.07400657273035838	-0.0017792005486137184	0.0013257057226040065	0.002218794775352684	-0.019866474621174697	-0.01897371825146434	0.02747141784036145
48.11	0.05783111987002287	0.07405684639605983	-0.0023121984507062376	3.5467560879111956E-4	0.002339242711417453	-0.02055457874303034	-0.0070909701390163065	0.021743333801785218
48.14333333333333	0.05772839868469687	0.07403021777094443	-0.0033629361964958994	3.3529861670207427E-4	0.0033796101881821564	-0.03965417747649512	-0.020259645396163727	0.044529844182476894
48.176666666666655	0.057606924123589864	0.0740791996371733	-0.004766009121858817	-2.6005835423682127E-4	0.004773098919700892	-0.039572133411586954	0.008696625928202355	0.0405164786880538
48.21	0.05741066474323958	0.07401288054732863	-0.006232196789827198	-2.2155374704111442E-5	0.006232236170730432	-0.009500171616895585	-0.006587481324211059	0.01156063021410589
48.24333333333335	0.057191444337601205	0.07407772261219303	-0.00549239348917152	3.393805621687098E-4	0.0055028688341511155	0.022083891672223136	0.03996406857503693	0.04565988445518386
48.27666666666667	0.05704450517729481	0.07403550591813987	-0.0044018604356266065	0.0015061412669592855	0.0046524011876419875	0.05431630951270057	-0.02572836973883742	0.0601016679344077
48.31	0.056897986975226134	0.0741781320299903	-0.0023207849141497357	2.248800383465563E-4	0.0023316547020070843	0.005080182669432262	-0.030740356158713414	0.031157306570359217
48.34333333333333	0.05688978618301821	0.07405049792069632	-0.003068135872620281	-0.002313997834215963	0.003842921246866189	-0.022662315898613516	-0.012799215227366323	0.02602691822565624
48.37666666666666	0.05669344458371817	0.07402386550770926	-0.005053809394758587	2.3577187238540924E-4	0.005059306056600874	-0.03332893307872797	0.05017845159449961	0.06023864859529858
48.41	0.056552865556700915	0.07406621604552202	-0.004594104343422765	0.0011304506397953268	0.004731142923995171	0.021272207747059624	0.019894834747634278	0.029125783630140147
48.44333333333333	0.056387170960823296	0.07409922888369563	-0.004001297375966562	0.0013262711520371157	0.004215373750884107	0.017401731437845864	-0.0420265032665249	0.04548678086923872
48.476666666666674	0.05628611239830311	0.07415463412232451	-0.0030942330927007686	-0.0011531523806709554	0.0033021264126334797	0.010474750756130493	-0.04364626740536519	0.044885599715540174
48.51	0.05618088875464322	0.07402235205831759	-0.0034215083570742896	-0.002627415883044175	0.004313934823337274	-0.015841625963845453	-0.006349873687087781	0.017066868752655014
48.54333333333333	0.05605801184116488	0.07397947306345493	-0.004150727464230713	-8.530386605021921E-4	0.004237477249334856	0.05254188013132895	0.02482647450821391	0.05811198675180478
48.57666666666667	0.055904173590361206	0.07396548281428408	-5.887753793514874E-4	-9.625392773755405E-4	0.00112833430676423	0.07404119183092422	5.505795085827152E-4	0.07404323889146794
48.61	0.05601876014920809	0.07391530377829655	0.00218152813161913	-0.001092337423626629	0.002439726631428389	0.05348109868707618	0.0025503274876087184	0.0535418722783471
48.64333333333333	0.056049608799135786	0.07389266031937564	0.0019029210604997444	-6.07253345932016E-4	0.0019974646902108434	-0.00945737243963624	0.010128962611693814	0.013857769555418443
48.676666666666655	0.05614562155324143	0.07387482022190109	0.002118578853974797	-4.654560604302637E-4	0.0021691071215365148	-0.005178927159302652	4.114630349350122E-4	0.005195246707374017
48.71	0.05619084738940078	0.07386162991534695	0.0012199150916096723	-5.483779036566456E-4	0.0013375018340009454	-0.018739181958997403	0.005167326829134473	0.019438575232035567
48.74333333333335	0.0562269492260154	0.07383826169499061	9.57029909782495E-4	-2.4036301558016647E-4	9.867525664912567E-4	-6.436441174235461E-4	0.023606607728337923	0.02361538071235604
48.77666666666667	0.05625464938338626	0.07384560571430826	0.0011193565904319064	0.0010590160113844215	0.0015409328632071911	-0.008907089519530634	0.010653563384138481	0.013886491871195858
48.81	0.05630157299871086	0.0739088627624162	5.816256224636971E-4	8.004425644218878E-4	9.894426025013128E-4	-0.009422853130258145	-0.009415539179656122	0.013320755952950089
48.84333333333333	0.05629342442488383	0.0738989685519364	1.566487391962009E-4	-3.8858213503507896E-5	1.6139636999772816E-4	-0.006879158399943715	-0.016604319617478665	0.017972931042289763
48.87666666666666	0.05631201624799059	0.0739062722148493	3.8089435946915334E-4	-3.915869615184184E-5	3.829019672967597E-4	-0.0016069165810294011	0.0037518953627387625	0.00408153153991585
48.91	0.05631881738218181	0.07389635797219293	-2.5518228231330677E-5	5.0868057553195196E-5	5.6909922257032306E-5	-0.006122733426527953	-0.0019437380137536581	0.006423860371959663
48.94333333333333	0.05631031503277517	0.07390966341868618	-9.10412173951576E-5	2.1604255001735797E-5	9.35694773896508E-5	0.02764565014780038	0.0013447808173011255	0.027678338236627506
48.976666666666674	0.05631274796768876	0.07389779825585971	0.0016691593294579637	-5.946596466798279E-5	0.0016702182695894727	0.055621786710553435	0.001991359998915072	0.05565742242971352
49.01	0.0564215923214057	0.07390569902104163	0.003951648648412446	2.8601138166791014E-4	0.003961985556629844	-0.009399314484145672	4.133826932965359E-4	0.009408400396613004
49.04333333333333	0.05657619121091617	0.07391686568130423	0.0014640250030015876	-1.0857761120678827E-5	0.0014640652650720022	-0.030305221612339273	-0.005925681655804627	0.03087912175012325
49.07666666666667	0.05651919398827249	0.07390497517030026	5.968732132023021E-4	-2.325821660864604E-4	6.405873060090331E-4	-0.04452352656211402	-0.003518680496517313	0.04466235025123336
49.11	0.05661598275846297	0.07390136020356514	2.0214233135241987E-5	-1.5404754140132146E-4	1.5536814420285055E-4	-0.020432135626394392	-0.0012535150890041664	0.02047055119760423
49.14333333333333	0.05652054160381487	0.07389470533420683	-0.0020367258012942853	-3.285031492855619E-4	0.002063047820276685	0.008344559197573457	0.02389081441579115	0.025306178724801225
49.176666666666655	0.0564802010383767	0.07387945999361278	9.202346054021151E-4	0.0011751547652518186	0.001492588507015126	0.04728649798901391	0.021794724869256113	0.052067484327472435
49.21	0.05658189057750834	0.07397304898522364	0.0017868790323387093	0.0017591132929578718	0.0025074720843257276	-0.029774518243239817	-0.017099606219467992	0.03433538218045474
49.24333333333335	0.05659932630719933	0.07399673421314337	-0.0014485158629256127	-3.4660049190049237E-4	0.0014894059574651888	-0.07917650892586683	-0.05269877030199891	0.09511088243219444
49.27666666666667	0.05648532285331326	0.0739499422857636	-0.003817544531831961	-0.001843560306071877	0.0042393821312361	-0.016571246260645437	-0.016275593354049985	0.0232271638745963
49.31	0.056344823338410566	0.0738738301927386	-0.0026138923524219445	-0.0015159113465590523	0.003021658557924175	0.02523064029139648	0.01721760484386515	0.03054555820529931
49.34333333333333	0.05631106336315178	0.07384888152932634	-0.0015452106341717771	-4.5547430141779945E-4	0.001610941570389683	-0.010091691816207697	0.027912106430338788	0.029680430069186553
49.37666666666666	0.05624180929613248	0.07384346523931076	-0.0034687800632372296	2.5878766235276027E-4	0.0034784200697009103	-0.08164078130311017	0.005279382466724335	0.08181130148709419
49.41	0.056079811358935916	0.07386613404014986	-0.007003168569848175	6.312785721808392E-5	0.007003453087161096	-0.08452245586498869	-0.013249718372218285	0.08555466429360856
49.44333333333333	0.05577493139147588	0.07384767376312532	-0.009470871882338427	-8.22580660004434E-4	0.009506526871254398	-0.028383962977004823	-0.012239829439632165	0.030910560962092985
49.476666666666674	0.05544841990011329	0.07381129532948288	-0.008821136172776098	-7.85248368061566E-4	0.008856018201099311	0.049794409913293015	0.010971866899768243	0.050988872529987204
49.51	0.05518685564662412	0.0737953238719212	-0.006079093686681933	-2.9502770245534065E-5	0.006079165276985674	0.071862704729055	0.007649065049211625	0.072268641381324
49.54333333333333	0.05504314698766788	0.07380932847813318	-0.003745228104584524	-1.1423242855487795E-4	0.003746969789456986	0.08974206069740569	-0.005579371849170056	0.08991533155390219
49.57666666666667	0.054937173772985126	0.07378770837668419	-5.611243139493104E-4	-6.221514355714028E-4	8.378143615913023E-4	0.03484122219667589	-0.0062843384790860195	0.03540344155979559
49.61	0.05500573870007125	0.07376785171576175	-4.037874131792155E-4	-4.675930358863757E-4	6.178086453355925E-4	-0.017103894758850727	-0.016025436174354632	0.023438383487351583
49.64333333333333	0.05491025461210647	0.07375653550762512	-0.0027892191210980417	-0.001492915149848611	0.003163627498639249	-0.03304616153844226	-0.009316908877758052	0.03433443728184966
49.676666666666655	0.05481979075866472	0.07366832403910517	-0.002293828410665325	-0.0015877938399638208	0.002789755913301819	0.01855396376315237	-0.04651295654613856	0.05007698770880039
49.71	0.0547573327180621	0.07365068258496085	-0.001496860971953744	-0.0036768958405556	0.003969906269882625	-0.005811434227389685	-0.09413356745772082	0.09431278434070617
49.74333333333335	0.05472000002720112	0.0734231976497347	-0.0024443886175347374	-0.008652744716444656	0.008991386258052443	-0.0016861926236191648	-0.04444401591878459	0.04447599123744322
49.77666666666667	0.05459437347689311	0.07307383293719785	-0.002257426154185812	-0.007183561765651229	0.007529909194839493	0.0069868706119773985	0.07159054221414529	0.07193067562218385
49.81	0.05456950495025542	0.07294429353202472	-0.001281135987641372	-0.0028279399487262263	0.0031046020312483734	0.027074911792604107	0.07154642063190739	0.07649798137085133
49.84333333333333	0.054508964411050354	0.07288530360728279	-8.837710936295446E-4	-0.0023179598175497034	0.002480723495617804	0.02253627449500028	0.03818211503854948	0.044336864762080624
49.87833333333333	0.0545091139255241	0.07278589961115886	5.090012060644826E-4	-8.270489512284394E-4	9.711293402545097E-4	0.024663920620542616	-0.022316934752691708	0.03326190850105156
49.911666666666655	0.05454374616013141	0.07282878859561553	8.276767518278856E-4	-0.002643281591949509	0.0027698350817071202	0.005864583639510043	-0.04039476316025882	0.040818258562048085
49.945	0.05456429237564592	0.07260968083836222	7.667877763694173E-4	-0.005228339133224968	0.0052842685005591045	0.003907198354153992	-0.01864485288444668	0.01904984876741449
49.978333333333346	0.05459486534522273	0.0724802326534004	0.0011307973112865647	-0.0030584512180225165	0.0032608014984411944	2.790779842883075E-4	0.04638538371595627	0.04638622324567733
50.01166666666667	0.05463967886306503	0.07240578409049403	8.898714374444028E-4	-0.002110027917713247	0.0022899975957866568	0.010138573773793397	0.026442113024478107	0.028319181121033956
50.045	0.05465419010771899	0.07233956412555287	0.0014949470658458287	-0.0014542801401896334	0.0020856168046482155	0.0028985438483097475	-0.0010746842923778453	0.003091359372324407
50.078333333333326	0.054739342000788116	0.07230883208114808	0.0015887580250428018	-0.001906558430745879	0.0024817568599655553	0.01612432035544565	0.011425573058351002	0.019762019801547494
50.11166666666666	0.05476010730938852	0.07221246023016983	0.001952633036397464	-0.0012800869277531778	0.002334822973468299	-0.023868666296181833	0.018952166180269212	0.030477825278110424
50.145	0.05486951753654795	0.07222349295263117	8.612560469583337E-4	4.518897233953606E-6	8.612679019065477E-4	0.03484755161157843	0.026186492477638795	0.04358995574215528
50.17833333333334	0.054817524379185745	0.07221276148998543	0.0027748814964937574	8.422707847196928E-5	0.0027761594911552465	0.058764802741309234	-0.007518755894067591	0.05924384973496879
50.21166666666667	0.0550545096363142	0.07222910809119598	0.006456540982214614	-2.3098971766469698E-4	0.006460671614057138	0.04935140481845292	0.004585659019853672	0.04956399324309113
50.245	0.05524796044466668	0.07219736217547446	0.0053272050784176905	-8.970022359765005E-6	0.005327212630336841	-0.04001272791915446	0.005115974987583181	0.04033846298021108
50.27833333333333	0.05540965664154196	0.07222851008970532	0.003884305600850077	5.391458812535706E-4	0.003921544119612575	-0.010329154112558454	0.013425264739259441	0.016938983381542885
50.311666666666675	0.05550691415139003	0.07223330523422469	0.00424138093581152	5.765246479271466E-4	0.004280384668733982	0.034381369887113045	-0.012226562384978948	0.03649064843310222
50.345	0.055692415370596104	0.0722669450662338	0.006551713331117702	4.2264898302921774E-5	0.006551849654469642	0.05786404264427699	-0.007384106206547227	0.05833328771471976
50.37833333333333	0.055943695040131136	0.07223612289411155	0.008110121800862544	-3.3767991177341563E-4	0.008117148720310675	-0.029850803763855266	0.012035438430027677	0.03218574627923334
50.411666666666655	0.0562330901573202	0.07224443307211559	0.0050962823022976216	0.0010378247660014174	0.005200881997280638	-0.07209777056856276	0.011804950624687924	0.07305782216989797
50.445	0.056283447193617664	0.072305311211845	0.0021116329110061477	7.452019209410543E-4	0.0022392676154980974	-0.07218288618376574	-0.01825184936375142	0.07445467791224103
50.478333333333346	0.056373865684720637	0.07229411320017834	0.0011860748526184828	-5.674375823540549E-4	0.0013148227887748868	0.004120580132146127	-0.017325630795636583	0.01780889280927223
50.51166666666667	0.0563625188504589	0.07226748203968805	0.001588760145145063	-3.8120849164814387E-4	0.0016338539447900522	-0.015602897749729326	0.0013943325479052482	0.015665075213437577
50.545	0.056479783027730324	0.07226869930073512	0.0012404884037170848	-2.7723835552907717E-4	0.0012710911004066656	-0.022616921564851095	-0.013110106776282417	0.026141921137440387
50.578333333333326	0.05644521807737335	0.07224899948265279	-8.692787366839507E-4	-0.0013028428137348911	0.0015662199460329618	-0.0337589786260975	-0.019997166458013513	0.039237167382812035
50.61166666666666	0.05642183111195137	0.07218184311315282	-6.449504624599856E-4	-0.0017996638678781304	0.0019117403422989803	9.875804396388928E-4	0.012791606520619904	0.012829673125342009
50.645	0.05640222137987605	0.07212902189146089	-7.833406276051845E-4	-4.4915215813843125E-4	9.02972978564306E-4	-0.0013193155115097243	0.02158502573594872	0.02162530761493299
50.67833333333334	0.05636960840344435	0.0721518996359436	-8.194348666365792E-4	2.7204879695214204E-5	8.198863373291077E-4	0.03071495638580462	0.009132182439624747	0.032043802862526644
50.71166666666667	0.05634759238876691	0.07213083555010724	0.0010878423747244523	-2.460052432195574E-4	0.0011153114416779062	0.015752575217049	0.006022762852519488	0.016864676052224515
50.745	0.05644213122842595	0.07213549928639562	9.736267618798204E-4	5.714913786952127E-4	0.0011289603480067578	-0.02004137868926594	0.016540852292274644	0.025985700958823688
50.77833333333333	0.0564125008395589	0.07216893497535357	-0.0010125072627630025	9.346674521842015E-4	0.0013779601602805266	-0.03235993907773886	0.008715113809377385	0.03351296563757632
50.811666666666675	0.05637463074424176	0.07219781044987458	-9.758341493630015E-4	0.0010456714092982689	0.00143027304501163	0.024583832723229948	0.0011662148309697765	0.02461147879335424
50.845	0.05634744522960139	0.07223864640264013	5.016840011679088E-4	0.0010924002374923553	0.001202091974809414	0.02980546610551913	0.008948254749745598	0.03111972160597833
50.87833333333333	0.0564080763443196	0.07227063713237405	0.0014214427603144303	0.0015013137636300262	0.0020674724998691663	4.5230329142395895E-4	-0.005065338745381621	0.005085492589012121
50.911666666666655	0.05644220808028905	0.07233873398688212	3.293230192185605E-4	0.0010677180798173388	0.0011173520255300267	0.02417280833500986	-0.008017533563737836	0.025467734631230646
50.945	0.05643003121226753	0.07234181833769521	0.0024842087165916947	5.460305280319416E-4	0.0025435098358632304	0.05673937103359295	-0.009157387894098418	0.05747359374817888
50.978333333333346	0.05660782199472858	0.07237513602208426	0.00506387704146582	7.602871211477454E-4	0.005120633476208559	0.06414134301684855	0.012223801732742748	0.06529573655918457
51.01166666666667	0.05676762301503191	0.07239250414577172	0.0060908638430628055	0.001139463923847265	0.006196531319091287	-0.04152831229562113	0.061260783182115586	0.07401002822732074
51.045	0.057013879584266014	0.07245110028367407	0.003289808774536667	0.004643042913382547	0.0056904032606248855	-0.05706085119337973	0.09674032594974823	0.11231487614637944
51.078333333333326	0.056986943600001005	0.07270204033999719	7.133700388716642E-4	0.008225228992404566	0.008256106151803791	-0.0459618002726139	0.018188062425130665	0.049429674276492065
51.11166666666666	0.057061437586857444	0.07299944888316762	0.0013694285420446741	0.006052526872868511	0.006205514972873893	-0.0063819236029073615	-0.08381758651385354	0.08406019722722918
51.145	0.05707823883613733	0.07310554213152182	-9.160436978927579E-5	0.0019010050679723468	0.0019032108735032589	-0.030044143025369868	-0.05174495008327054	0.05983469218813648
51.17833333333334	0.057055330628871526	0.07312618255436582	-6.809673918605374E-4	0.0023931752600177152	0.0024881729067607423	-0.011691116990171946	0.013905925088272014	0.018167470078096184
51.21166666666667	0.05703284101001327	0.07326508714885632	-7.704467811592798E-4	0.003599165318804912	0.0036807036330960903	-0.03181170518397244	0.03883076889320621	0.05019774098054184
51.245	0.057003967510127596	0.07336612690895275	-0.0025845293019643406	0.004374317187499875	0.005080791529827719	-9.700105267779163E-4	0.04089005424191973	0.04090155811615491
51.27833333333333	0.05686053905654903	0.0735567082946896	-0.0016861928812514843	0.006655980675217423	0.006866245348198022	0.03059113197985405	0.009525750207802707	0.032039932472311836
51.311666666666675	0.05689155465137752	0.07380985895396733	5.082837599132837E-4	0.005399255501176923	0.005423127542994065	0.004392858441709939	-0.031018636866567702	0.03132815089259012
51.345	0.05689442464054323	0.07391665866143476	-0.001641034847956723	0.0037489280527592396	0.004092365687102453	-0.07088391686069645	-0.04163080560377457	0.08220494902822696
51.37833333333333	0.05678215232818046	0.0740597874908179	-0.004490178651757321	0.003243260255325611	0.005538992815347564	-0.09859852954278082	0.034047498991062373	0.10431156319193484
51.411666666666655	0.056595079397092796	0.07413287601178975	-0.007953620378387599	0.005209729847485199	0.009507963094547678	-0.037095177924315076	0.039134434402511784	0.053921759812167576
51.445	0.05625191096962123	0.0744071028139836	-0.007824780253551579	0.007034639371300206	0.010522040538822195	-0.004172705998467677	0.019919223347527073	0.0203515830862937
51.478333333333346	0.05607342738018917	0.07460185196987662	-0.006961891943002813	0.005775602195501615	0.00904574596961083	4.1847109541670054E-4	-0.047391009063273565	0.04739285661460993
51.51166666666667	0.05578778484008773	0.07479214296035039	-0.00860406156967811	0.004236727601968466	0.00959060666840702	-0.03252880280764961	-0.07472253292651132	0.08149588909296297
51.545	0.05549982327554409	0.07488430047667446	-0.008876798123432167	6.807867186668251E-4	0.008902865576907358	0.025386411045246558	-0.06713444013691663	0.07177397103585297
51.578333333333326	0.05519599829852567	0.07483752874159483	-0.007242163185598698	-7.214174582130584E-4	0.007278005960141533	0.02431824832638054	0.011785440839333977	0.02702357891621595
51.61166666666666	0.05501701239650425	0.07483620597946028	-0.00652194057524683	0.0017091380647154238	0.00674217040657607	0.045640173079379676	0.06005368922371967	0.07542858203688332
51.645	0.05476120226017578	0.07495147127924254	-0.005156001513269653	0.00365612487754675	0.006320727863549829	0.05975830276328972	0.08688109191622606	0.10544846552560506
51.67833333333334	0.05467327896228619	0.07507994763796344	-0.0017768882924315654	0.006876284701869108	0.007102156243348881	0.07300232928941	0.01897130350708892	0.07542712004602545
51.71166666666667	0.05464274304068034	0.07540989025936717	-3.5121938201364885E-4	0.006147922554852694	0.006157946637863025	0.025650516956648196	-0.032656455007492806	0.04152581213895399
51.74666666666667	0.05464927897118188	0.0755000556792117	3.4216148144420145E-5	0.0030488528467049665	0.0030490448382493197	-0.02054310192469801	-0.013789834107226924	0.024742242448763007
51.78	0.05464508114413691	0.07561822853722533	-0.0016689965925580212	0.005687033552073992	0.00592687946970289	-0.0018935607687915257	0.10155363636622393	0.10157128842142521
51.813333333333325	0.05453801253167806	0.07587919124934989	-8.496957520746398E-4	0.0102689848671835	0.010304078467943527	0.02107365281984492	0.020182317252882446	0.029179183896527235
51.84666666666666	0.05458843476066527	0.07630282752837078	7.414811327784859E-4	0.008084387143545316	0.008118319392398113	0.0242568273698352	-0.10979612777605298	0.11244368967916936
51.88	0.05458744460719661	0.076418150392253	1.796929760797681E-4	0.001551860133370831	0.001562228997041771	-1.502379580670099E-4	-0.08886014499623712	0.0888602720015887
51.91333333333334	0.05460041429240392	0.07640628487059553	8.374160419593952E-4	0.0019469657938844466	0.002119420069237581	0.037728189420489194	-0.025860075269658674	0.0457401330332644
51.94666666666667	0.054643272343327276	0.07654794811184529	0.002604666768480383	0.0011948214644455016	0.0028656390747485517	0.00486585442420089	-0.03611072990156781	0.03643708760729237
51.98	0.05477405874363589	0.07648593963489189	0.0017807201704297174	-0.001687031336897713	0.0024529653599368513	-0.009227268800213346	0.004052703856347438	0.010078040387825603
52.01333333333333	0.054761987021355873	0.0764354793560521	9.949735023855185E-4	0.0015178406752510488	0.0018148863837430334	-0.032672175885925796	0.0341793985482251	0.047283214381419574
52.046666666666674	0.05484039031046162	0.07658712901324197	5.534058291442552E-4	0.0018225914319705172	0.001904756556524529	-0.029535904330342942	-0.030533903583424254	0.042481630296553115
52.08	0.054798880743298806	0.07655698545151679	-0.0016273006722308764	-0.0016267528423115534	0.002300963339084693	-0.03478881839590948	-0.08001349192670255	0.08724918782251251
52.11333333333333	0.05473190359897956	0.07647867882375456	-0.0016669487392917109	-0.0032060852590319504	0.003613544075780479	9.236578639207682E-4	-0.008657258608305043	0.008706392505547543
52.14666666666667	0.05468775082734606	0.076343246434248	-0.0014022378350256415	-0.0025602028075450496	0.0029190596708082127	0.009862992049229607	0.026615335069880678	0.028384056669989697
52.18	0.05463842107664452	0.07630799863658488	-0.0011304348794295906	-9.021396077958294E-4	0.0014462845116314446	0.01191859142317923	0.02988734752511511	0.032176176957489616
52.213333333333345	0.054612388502050746	0.07628310379372827	-5.322578478667386E-4	-7.39127040864417E-4	9.108277549310417E-4	0.02208975800755053	0.013237504336397582	0.025752454832273515
52.24666666666667	0.05460293722012011	0.07625872350052726	2.824940326504032E-4	-1.2609273242202972E-4	3.093578116885699E-4	0.01645288633784714	0.010419701933164008	0.019474795434666285
52.28	0.05463122143756077	0.0762746976115668	7.105101004605578E-4	1.7134693704086546E-4	7.308791799536762E-4	-6.077931261505455E-4	7.799100118653518E-4	9.887730330079125E-4
52.313333333333325	0.0546503045601508	0.0762701466296633	1.7803122224444964E-4	-2.3453617880227467E-4	2.9445260274112904E-4	-0.018762187053249807	-0.0352570453627238	0.03993843901218848
52.34666666666666	0.0546430901857104	0.07625906186631332	-5.811820387068882E-4	-0.0019343174033004196	0.002019741661407808	-0.001423807368822784	-0.008189921054494889	0.008312763337324882
52.38	0.05461155909090365	0.07614119213610993	-8.739961035244007E-5	-0.0015131688250481757	0.0015156907946502266	0.0019752374376556	-0.009087312536179117	0.009299506011897319
52.41333333333334	0.05463726354502024	0.07615818394464341	-3.669323791895402E-5	-0.0014529490940512178	0.0014534123515414445	0.002413590956370468	-0.007808571682028532	0.008173078552054373
52.44666666666667	0.05460911287504239	0.07604432886317317	-3.5052023527085016E-4	-0.0029500205148626306	0.002970771864927482	0.045435839346480544	0.010417345701052176	0.046614767923635746
52.48	0.05461389552933549	0.07596151591031927	0.00286073065599029	-6.12454630200831E-4	0.0029255564530832542	0.07172196111961537	0.03768381187695887	0.08101919145746671
52.51333333333333	0.054799828252108385	0.07600349855449312	0.0051918863436361045	1.8416882233571663E-4	0.005195151774525514	0.05974897954790901	-0.05053846341500512	0.07825648114607671
52.546666666666674	0.054960021285577976	0.0759737938318083	0.006153040126509481	-0.004098186914182561	0.007392904624165863	0.013123168547244098	-0.0976177064540755	0.09849585862397174
52.58	0.055210030927209	0.0757302860935476	0.006631029070105703	-0.007113720004305471	0.009724996597852502	-0.02240377437589178	-0.006757818574944796	0.023400795246694802
52.61333333333333	0.05540208989025158	0.07549954583152133	0.004411523198501019	-0.004396636925962953	0.00622831864869273	-0.050492440741275305	0.04755770018030327	0.0693629686392589
52.64666666666667	0.05550413247377578	0.07543717696515007	0.0030105138471417264	-0.0030767353597081428	0.004304589887261093	-0.036720254482224136	-0.006013818691835398	0.03720944912918721
52.68	0.055602790813394365	0.07529443014087409	0.002244126524412007	-0.005350277700604869	0.00580185964421402	0.01677651903364636	-0.03810634799064797	0.04163586612610166
52.713333333333345	0.05565374090873659	0.07508049178510967	0.00363133229203246	-0.005833542145326344	0.006871447313081605	-0.04089858929712616	-0.01487373209666824	0.04351922004101707
52.74666666666667	0.055844879632863165	0.07490552733118566	9.097901979623423E-4	-0.005925607809109818	0.0059950434620352515	-0.05429110386330255	0.014341994067233788	0.05615351059836308
52.78	0.05571439358860075	0.07468545126450243	-0.0019478345295763323	-0.005335262920432742	0.005679708600338081	-0.04038199159038116	0.00971135204313878	0.041533307155960875
52.813333333333325	0.055715023997558066	0.07454984313649018	-4.624525789933447E-4	-0.00472560273322795	0.004748176869084499	0.08268957166722218	-0.01990711799422601	0.08505209350359762
52.84666666666666	0.05568356341666786	0.07437041108228729	0.0026350413938215867	-0.006825190916524591	0.007316192602314608	0.11324645126771239	-0.015922253132917848	0.11436029411276918
52.88	0.055890693423812865	0.0740948304087218	0.007933019821886074	-0.006375515477865121	0.010177426054898905	0.04881411724628029	0.03812076371324135	0.06193553639562975
52.91333333333334	0.05621243140479376	0.07394537671709617	0.0063420913702901295	-0.003655527335371386	0.007320177801717384	-0.045014875545145216	0.07807443976963577	0.09012190169812995
52.94666666666667	0.056313499515165566	0.07385112858636372	0.003652128052186956	-0.0014071314512717702	0.003913829100858785	-0.08948279215795645	0.045186305767187136	0.10024456255213926
52.98	0.05645590660827282	0.07385156795367806	0.0014323041982598394	-3.095032636016929E-4	0.0014653626126433213	-0.05401584226001255	0.020289078231304578	0.0577005884765013
53.01333333333333	0.056408986461716215	0.07383049503545694	-9.187503771269433E-4	-3.849440292952662E-4	9.961346099604087E-4	-0.027179754490681194	-0.012043030364512076	0.029728330503650292
53.046666666666674	0.05639465658313103	0.0738259050183917	9.124552942104177E-5	-8.883916095292166E-4	8.930651703662159E-4	0.00428928693525275	-0.0412318601258067	0.04145436372502922
53.08	0.05641506949701097	0.07377126892815497	-4.079710290823898E-4	-0.0031654814187533457	0.0031916630419020174	0.004119882399156326	-0.07287210610076268	0.07298847360058773
53.11333333333333	0.056367458514525515	0.07361487292380817	-1.7860722003518704E-4	-0.005902463821233535	0.0059051655099598595	-0.002106722831380581	-0.0373356059608053	0.03739499637048759
53.14666666666667	0.056403162349008606	0.07337777134007273	9.399793301638632E-5	-0.005948683611881141	0.005949426218188995	-0.00441709052256723	0.03339018596591855	0.033681080854437814
53.18	0.056373725043393275	0.07321829401634941	-9.248293845896816E-4	-0.003372521023129575	0.003497028373069267	-0.010262134192458009	0.0631505028935499	0.06397888256207879
53.213333333333345	0.0563415070567026	0.0731529366051974	-5.254816696089916E-4	-0.0015590049321394857	0.0016451830790311138	0.027139641174833515	0.041151048717830395	0.049294715068412445
53.24666666666667	0.05633869293208604	0.07311436035420679	8.788453161649763E-4	-7.711844800464835E-4	0.0011692282035640786	0.017438633347466335	0.016919732991761142	0.024297804376936107
53.28	0.05640009674444696	0.07310152430652764	9.734064696584749E-4	-3.789689827838839E-4	0.0010445753419860279	-0.02343508766602234	0.0019888749625869184	0.023519331570666664
53.313333333333325	0.0564035866967299	0.07308909575535452	-9.225554149362857E-4	-6.521105501004388E-4	0.0011297595598978392	-0.03319314516125444	-0.0015079754013996906	0.03322738141213261
53.34666666666666	0.05633859305011785	0.07305805026985426	-0.0014764873231266694	-6.065612219852839E-4	0.001596224085575092	-0.014106160446886663	0.007400118008833384	0.01592939135993494
53.38	0.056305154208521446	0.07304865834055549	-0.0015087537367215618	-5.803532807392913E-5	0.0015098695100491052	-0.004265760160859016	-0.0032828572883902623	0.00538273738221632
53.41333333333334	0.056238009467669714	0.07305418124798269	-0.001978117576924151	-6.861999550303357E-4	0.0020937572749533096	0.0049696914765961974	-0.013629962152786898	0.014507711799555302
53.44666666666667	0.05617327970339314	0.0730029116768868	-0.0012007427429392324	-0.001279060042576334	0.0017543596345209853	0.02716603786303718	-0.025331873264502883	0.037144278378571385
53.48	0.05615795995147377	0.0729689105784776	-2.2856942236451757E-5	-0.00203437901697672	0.002034507415696381	0.028883074016470615	0.010345563615122339	0.030680004093146127
53.51333333333333	0.05617175590724405	0.07286728640908838	7.024710490277401E-4	-0.001182741864043582	0.0013756249095169151	0.011986488512268818	-0.0010580053828710863	0.012033091134240467
53.546666666666674	0.05620479135474232	0.07289006112087468	8.206510756041134E-4	-0.0011631043888275456	0.0014234746247123924	0.0030579006898601418	0.04289480843321593	0.043003666671010035
53.58	0.056226465978951035	0.07278974611649988	7.806143654600115E-4	4.4802762987686614E-4	9.000486346279398E-4	0.004361340046173491	0.048149984863011676	0.04834710259474305
53.615000000000016	0.05625813333638208	0.07292067634224961	0.0011282030408113733	0.003366479560087944	0.0035504966877587625	-0.004927853559604234	0.022477820083012724	0.02301165218729838
53.64833333333334	0.05630355985340646	0.07301978888643926	6.086339287962541E-4	0.0015647869106841176	0.0016789858055178157	-0.016338833851099296	-0.04332209462581706	0.046300770775248176
53.68166666666667	0.05629870893163519	0.07302499546962854	-1.9774770314662577E-4	1.5565173757693633E-4	2.516577388249475E-4	-0.014947332642692553	-0.027895274031556377	0.03164757599606842
53.715	0.056290376673196696	0.07303016566894438	-2.8940383369845314E-4	-6.271028687353045E-5	2.9612017668359313E-4	-0.0070435816161199104	-0.002954550798127493	0.007638155039121566
53.74833333333333	0.05627941534272196	0.07302081478383696	-6.283413376920364E-4	-1.2560519215561267E-4	6.407725813024977E-4	-3.417683449836661E-4	0.0036352600721472625	0.0036512903737967754
53.78166666666667	0.056248487250683876	0.07302179198946734	-4.5909103221482164E-4	2.268072312010478E-4	5.120606370198318E-4	0.0025634869495330982	0.009413001175538976	0.009755821670732029
53.815	0.05624880927390763	0.07303593526591703	-2.4442873450674865E-4	5.222320742291461E-4	5.76603629546543E-4	-0.02020607853079747	0.006874490534438466	0.021343482136259737
53.84833333333333	0.05623219200171675	0.07305660746108261	-0.0017648236621205652	6.767860694124848E-4	0.0018901433654967667	-0.009314458476153463	-0.0068268366138038925	0.011548369359158915
53.881666666666675	0.05613115436309957	0.07308105433721121	-0.001420924893813705	1.5231004564608602E-4	0.0014290646954789	6.531252662643657E-5	0.011307691214470074	0.011307879833458526
53.915	0.05613746367546252	0.07306676146412569	-9.55911632382541E-4	0.001045853271150781	0.001416889591217694	-0.024950024212770452	-9.543055679307726E-5	0.024950206716758915
53.948333333333345	0.056067426920940744	0.07315077788862126	-0.003448938474526415	8.840629950248037E-4	0.003560441542876504	0.007150960054133519	0.005583589126655511	0.009072634525380097
53.98166666666667	0.0559075344438274	0.07312569899712734	-0.0012126902153282858	5.533477669509417E-4	0.0013329708584746173	0.07799551313725255	-0.014149159530540087	0.0792685232924394
54.015	0.05598658090658554	0.07318766773975133	0.0028928418408494462	7.115526116277342E-4	0.002979067141788426	0.058426383349215905	-0.012641528640602279	0.05977834488876972
54.04833333333333	0.056100390566550695	0.07317313583790253	0.0024562394590956797	-7.578295706293979E-4	0.002570489824632452	-0.02518806403111946	-0.026778538429097484	0.0367631430924292
54.081666666666656	0.05615033020385851	0.07313714576837604	9.445129357712679E-4	-0.0010114650543185965	0.0013838953146632807	-0.02428334273975903	-6.969427950588481E-5	0.024283442752402375
54.115000000000016	0.056163358095602134	0.07310570483428125	7.62873040878012E-4	-7.277765545295062E-4	0.0010543405473666012	-0.005317421888443358	0.016063127920423748	0.016920373935808673
54.14833333333334	0.056201188406583724	0.07308862733140739	8.203481365644556E-4	3.3276475196277785E-5	8.210227700656439E-4	-0.006132499882372749	0.008243564679996327	0.010274430078626488
54.18166666666667	0.056218047971373086	0.07310792326596102	2.4786328463007425E-4	2.589883250951753E-5	2.4921267502469707E-4	-0.0348560430292358	-6.199192964295787E-4	0.034861555266367895
54.215	0.05621771262555908	0.07309035392024135	-0.0013418828696654746	-2.793750858118724E-4	0.0013706568040447033	-0.011042141295424619	-0.008499239465425964	0.01393434447251739
54.24833333333333	0.05612858911339541	0.07308929826024022	-0.0010621728718904176	-3.460374934179304E-4	0.0011171182375339244	-0.013618177404913917	-0.0019857120362017457	0.013762187621247736
54.28166666666667	0.05614690110076637	0.0730672847540135	-0.0013305103051081803	-5.523921346161805E-4	0.001440623039655025	-0.06132016963752881	0.015556370331793157	0.0632626577237726
54.315	0.056039888426388185	0.07305247211793248	-0.005579117730533645	6.154239686964676E-4	0.005612958338737336	-0.059348044486665585	0.00699849533955703	0.05975926138607336
54.34833333333333	0.05577495991873088	0.07310831301859325	-0.005976848316425036	3.8575495242163107E-4	0.005989283987328586	5.815257373826246E-4	-0.017917490135868075	0.017926924581538467
54.381666666666675	0.0556414318719598	0.07307818911476058	-0.004559691939203624	-0.0010744989895972762	0.004684585217400157	0.05294072421002987	-0.028645224309405467	0.06019359729754151
54.415	0.05547098045611726	0.0730366797526201	-0.003165564672209225	-0.0013706074029360997	0.0034495455275908938	0.04051990987496419	0.00751767469610041	0.04121138834244254
54.448333333333345	0.05543039422714585	0.07298681528789819	-0.001222041628299	-6.98631235018099E-4	0.0014076474501232847	0.015815473777258355	0.013742050176250391	0.020951686181444443
54.48166666666667	0.055389511014230675	0.07299010433695222	-0.0022452227481153503	-1.7033645600176192E-4	0.002251674864827932	0.017266519435242274	0.015841763024924523	0.023432758035397048
54.515	0.05528071271060486	0.07297545952416476	-7.241911749070858E-4	9.096764429039782E-5	7.29882161804938E-4	0.04229095090344784	0.011257569176351605	0.043763653778885706
54.54833333333333	0.05534123160257021	0.07299616884657159	0.0014916283548543595	7.515110932424427E-4	0.0016702467100018412	0.023657035117023335	0.002738419021831283	0.023815000509494068
54.581666666666656	0.05538015460092843	0.07302556026371426	4.938333381993178E-4	3.1582446441621195E-4	5.861880741203022E-4	-0.03409749733249038	-0.01197658372871914	0.03613969953043617
54.615000000000016	0.055374153825116845	0.07301722381086603	-8.343206291490067E-4	-2.300819825310053E-4	8.654644018727704E-4	-0.006243736319884072	-0.010123471820853843	0.011894070999445956
54.64833333333334	0.05532453322565184	0.07301022146487884	-1.975332911950387E-4	-2.6470559034276795E-4	3.302854079263225E-4	0.0170188808979741	0.0027099945271899578	0.017233292702116657
54.68166666666667	0.05536098493903718	0.07299957677150987	8.039897696114824E-4	-9.931657380864603E-5	8.101008156229772E-4	0.011149920471550168	0.003747985993288017	0.011762998152162427
54.715	0.055378132543625946	0.07300360035995829	3.0809792033789196E-4	6.393903956325152E-5	3.146625641807507E-4	-0.02825078501583207	-4.5309667261435327E-4	0.028254418249284412
54.74833333333333	0.055381524800393045	0.07300383937414742	-9.47137798308831E-4	-1.5413151998805056E-4	9.595970687945679E-4	-0.009939489899754678	-0.011629895526137937	0.015298625082542825
54.78166666666667	0.055314990023738686	0.0729933249252924	-7.961584078076465E-4	-6.951225056257262E-4	0.0010569122518687133	0.008594354823410259	-0.004441753255679207	0.00967430136056408
54.815	0.055328447573205874	0.07295749787377237	1.541420123022486E-4	-6.030783132240722E-4	6.224654302351085E-4	-0.022411873938142673	0.008244728302969814	0.023880277180321634
54.84833333333333	0.05532526615789213	0.07295311970441082	-0.0022283099567218206	2.1686594902607396E-5	0.0022284154845145176	-0.006778254997991989	0.014707897540641564	0.016194659332132107
54.881666666666675	0.055179893576091044	0.07295894364676586	-0.0013076899445687898	3.31398214521423E-4	0.001349028453263426	-0.03318100446990193	0.04722203341622139	0.05771394543430886
54.915	0.05523808682825421	0.07297521291871223	-0.0026371247960691587	0.0028546451827837728	0.003886312688093098	-0.04845569877534832	0.006145223133085587	0.04884381753264893
54.948333333333345	0.055004085256353086	0.07314925332561814	-0.00632573355361226	0.0018731530761474328	0.0065972424116426545	-0.04927705498003548	-0.04099743913365907	0.06410162371596775
54.98166666666667	0.05481637125801336	0.07310008979045537	-0.005164462868195053	-0.0012109016655272148	0.005304522557265833	0.04187379860389125	-0.015361642096322436	0.04460263509496665
55.015	0.0546597877318068	0.07306852654791632	-0.0036496167607211524	0.0011090594818724344	0.003814408923341585	0.03731709588526467	0.02565092618277398	0.04528284067220338
55.04833333333333	0.054573063473965344	0.07317402708924686	-0.002463687762150612	0.0013133807408226947	0.002791903716057318	-0.009515678425057536	-0.01229533970552155	0.01554746006147886
55.081666666666656	0.05449554188099681	0.07315608526397116	-0.0041356780156339	-5.3398641716267E-4	0.004170008890003926	0.025451891932212246	-0.023300643498649413	0.034506793394637005
55.115000000000016	0.05429735160625632	0.07313842799476933	-0.0018840091793940025	-4.3689292712066894E-5	0.0018845156784538949	0.02018803214429033	0.016124012893827606	0.02583680385920864
55.14833333333334	0.05436994126903716	0.07315317264445703	-9.271932758094171E-4	6.495953933150433E-4	0.0011321049181601162	-0.056990909598501074	-0.014722701579169066	0.05886188680847556
55.18166666666667	0.05423553872120235	0.07318173435432365	-0.006760920485590849	-7.988856001543535E-4	0.006807955935125901	-0.05935299752109743	-0.020507822501813103	0.06279609142697712
55.215	0.05391921323666443	0.07309991360444673	-0.005753873489813615	-0.0013745627007010809	0.005915782514168228	0.05586932954972112	0.015487383407311251	0.05797621088981584
55.24833333333333	0.0538519471552148	0.07309009684094361	-0.0016339307386963398	6.445749964087711E-4	0.0017564756146477337	0.08527339484028043	0.019965978215061533	0.08757963321269778
55.28166666666667	0.05381028452075137	0.07314288527087398	-5.875662717334296E-4	2.5965831259561694E-4	6.423835014839076E-4	0.02862075393309128	0.018115926868395405	0.033872324425696126
55.315	0.053812776070432555	0.07310740739511665	3.667696218181533E-4	0.0010393401044076478	0.001102155981755183	-5.007542800502381E-4	-0.0070413468974477355	0.0070591303273976665
55.34833333333333	0.05383473582887255	0.07321217461116783	-4.7076537237825876E-4	9.007512654753443E-4	0.0010163527331029688	-0.015076481981676375	-0.022313960154734892	0.02692978140889578
55.381666666666675	0.053781391712273974	0.07316745747948167	-0.0010774708899021386	-0.0013834401793150434	0.001753525092016007	-0.024926552863405834	-0.0017199621565136332	0.024985822129199683
55.415	0.0537629044362124	0.07311994526588014	-0.0016633879853835676	7.794570253137131E-4	0.0018369574965766918	0.018897998832052672	0.013151162303555826	0.023023627641853745
55.448333333333345	0.053670499179915065	0.07321942128116926	-5.294724764667014E-4	4.861226717388911E-4	7.187881157297603E-4	0.011653527126600782	-0.003107420764054762	0.01206071135113095
55.48166666666667	0.053727606271114614	0.07315235344399607	1.5106794861546787E-4	-6.394615195282383E-4	6.570635890507471E-4	0.030099035084275923	0.001269235636668102	0.030125784174123354
55.51666666666666	0.053680822156403796	0.07317572474400152	4.7930662645465056E-4	0.0012100658373089012	0.001301535313691269	0.025830726839632428	0.019509809720871973	0.03237065220857216
55.55	0.053760358890589055	0.07323504127621216	0.0026469486593173916	7.808430473685752E-4	0.00275971974477228	0.031137614142349213	-0.01771433001507862	0.03582385381782565
55.58333333333333	0.05385728540035828	0.07322778094715945	0.002483766260969696	-3.1833975045635705E-4	0.0025040836718951704	-0.020437223735056576	-0.0324029708637099	0.03830969374441921
55.616666666666674	0.053925943307987056	0.07321381862618176	0.001242762758718569	-0.0011595951924511033	0.0016997412405461896	-0.010521930197244686	-0.01944100409089116	0.02210573805910439
55.65	0.05394013625093952	0.07315047460099602	0.001461499764392122	-0.0018227611039855246	0.002336330371227656	-0.021643983678451734	3.4759264280917587E-4	0.021646774589264336
55.68333333333333	0.054023376625613184	0.0730923012192494	4.980527820520568E-4	-0.0011005391291602404	0.0012079912866087132	-0.02539469343692142	0.0196440886220553	0.032105773196520006
55.71666666666667	0.053973339769742945	0.07307710532571865	-0.0010194365818411296	-3.5452477274733384E-4	0.0010793232874757566	-0.0075644658613761686	0.038541576758150564	0.03927689247855967
55.75	0.05395541418682376	0.07306866623439959	2.976268206032958E-4	0.001198395531652184	0.0012348010263302938	0.017884259493649454	0.01820502331383872	0.02551998455120226
55.78333333333333	0.053993181557783154	0.07315699836116213	4.415090427110356E-4	0.0014332190561720862	0.0014996823322858813	-0.012361313445306263	0.010429186781919461	0.016173126074611334
55.816666666666656	0.05398484812300447	0.0731642141714777	-7.692058400757691E-4	0.0011983923872455017	0.001424016129899743	-0.029880697651069533	-0.030791645874854702	0.04290666087913494
55.85	0.05394190116844477	0.07323689118697851	-0.001561133051959039	1.2799875236083438E-4	0.0015663716310393501	-0.005838993764772068	-0.02825360904931001	0.028850654628557383
55.88333333333334	0.053880772586207215	0.0731727474216351	-0.0012461760172704183	-0.001475890663629012	0.0019316334841287172	0.010182958881475109	0.018804748764635112	0.021384836395980645
55.91666666666667	0.05385882276729337	0.07313849847606993	-6.732863922785404E-4	0.0014491535786356827	0.0015979238594188581	0.0029768570183128047	0.020959048605232608	0.021169397632997997
55.95	0.05383588682672197	0.07326935766021081	-0.001079921936967884	9.850314778047354E-4	0.0014616834138111603	-0.005961313615452325	0.022151685247848264	0.02293979989759099
55.98333333333333	0.05378682797149553	0.07320416724125692	-0.0012169515464272062	0.0012709631948827683	0.0017596359024236185	0.016354925766454375	-0.03849365684103763	0.0418239789334037
56.01666666666666	0.05375475672362684	0.07335408853986963	1.5224545918659442E-6	3.5290604382752613E-4	3.529093277854527E-4	-0.010620177526541149	-0.03590713868431191	0.03744476971740724
56.05	0.0537869294684683	0.07322769431084541	-0.0013546319568158553	-0.002895986352312324	0.0031971494633823414	-0.0016036781167646137	-0.02337699564585809	0.023431937797131885
56.08333333333333	0.053664447926505765	0.07316102278304881	-0.0012519325865830596	-5.628317763079959E-4	0.0013726306166520416	0.025081638774721093	0.05290216064989238	0.05854679500239628
56.116666666666674	0.05370346729602943	0.07319017219242488	0.0013197204745230542	9.086300477268145E-4	0.001602270481069719	0.0297581518191876	0.001186216569106383	0.02978178485992135
56.15	0.05375242929147395	0.07322159811956394	5.585292972761335E-4	-4.765619265542653E-4	7.342113086549977E-4	-0.016933173233973444	-0.03151380343554242	0.03577502149189795
56.18333333333333	0.05374070258251451	0.07315840139732127	-1.2321324715635238E-4	-0.0016393450230430978	0.0016439688588446519	0.003229831517218605	-0.023656586019116417	0.023876052305803676
56.21666666666667	0.05374421507499688	0.07311230845136105	8.612301465937439E-4	-0.0017282511222173618	0.0019309503636415547	0.03242276666015953	0.013295528501283568	0.03504292904463889
56.25	0.05379811792562078	0.07304318465584012	0.002146042494081448	-0.0010365038988412341	0.0023832412212607436	0.004924077273383364	0.019879689030632672	0.020480443670704684
56.28333333333333	0.05388728457460229	0.07304320819143831	0.001412946475225119	-4.999761203790149E-5	0.0014138307901091207	0.09659030749099548	0.01955674897900152	0.09855026094248932
56.316666666666656	0.05389231435730241	0.07303985148170428	0.007149450600609999	7.89546182762679E-5	0.007149886553107667	0.10822546149315149	-0.00324275109046537	0.10827403174372112
56.35	0.054363914614643016	0.07304847183265673	0.011225376955458709	-1.4933013716627908E-4	0.011226370173925743	-0.001908128985515595	-0.0034141476738633702	0.003911184036108687
56.38333333333334	0.05464067282099988	0.07302989613922653	0.005576827694078337	-3.241743289028093E-4	0.005586241681574356	-0.06680793732217176	-0.0429756603565919	0.07943681685672188
56.41666666666667	0.05473570312758158	0.07302686021072988	0.0059652880300213665	-0.0025396954209663918	0.006483418397141577	0.014712249470053798	-0.01798754955406361	0.023237947917770025
56.45	0.05503835868966794	0.07286058311116211	0.007992231662785357	-0.0025977568359231494	0.008403815058068224			
56.48333333333333	0.05526851857176718	0.07285367642166835						