12 100000 0.0001
1000 1.1 24 71.99 9.81
0.06    0.03  0.03   2500   4
0.03   0.085 0.004  0.000   -0.000   0.0  0.0  0.001
0.00   0.06  0.004  0.000   -0.000   0.0  0.0  0.001
0.00   0.07  0.004  0.000   -0.000   0.0  0.0  0.001
0.00   0.03  0.004  0.000    0.000   0.0  0.0  0.001
0.001  0.01  0.004  0.000    0.000   0.0  0.0  0.001 
0.011  0.02  0.004  0.000    0.000   0.0  0.0  0.001 
0.021  0.03  0.004  0.000    0.000   0.0  0.0  0.001   
0.031  0.05  0.004  0.000    0.000   0.0  0.0  0.001 
0.02   0.06  0.004 -0.000    0.000   0.0  0.0  0.001
0.00   0.055 0.004  0.000    0.000   0.0  0.0  0.001
0.03   0.01  0.004  0.000    0.000   0.0  0.0  0.001
0.04   0.01  0.004 -0.000    0.000   0.0  0.0  0.001
x      y     dia    v_x      v_y     a_x  a_y  masse_cheerio  
nb_cheerios NT dt
rho_liq rho_air rho_cheerio surface_tension(en nN/m) g
bord_rayon bord_centre_x bord_centre_y bord_angle_de_contact
x y dia v_x v_y  a_x  a_y  masse_cheerio  


TODO randomiser ???
random
[dia_min, dia_max] [masse_min, masse_max] //on fait l'hypotese que les masses donnees sont flotable
type_de_simulation(random pos %lf le diametre, random pos diametre [min, max]


- random ou standart (si cest standart ca fait tel que on prends les donnees des cheerios que on a mis a la main random ca fait tel que ca mets nb_cheerios cheerios au random dans le domaine definie par le bord)
- nb_cheerios NT dt
- rho_liq      rho_air         rho_cheerio     surface_tension(nN/m)   g
- bord_rayon   bord_centre_x   bord_centre_y   bord_angle_de_contact
et apres on mets les cordonees des cheerios (autant que nb_cheerios)
- x y d v_x v_y 
- pos_x  pos_y  diametre vitesse_initiale_x vitesse_initiale_y acceleration_initiale_x acceleration_initiale_y masse_cheerio 
au moins que cest precise les donnees cest en SI
 


6 100000 0.0001
1000 1.1 24 71.99 9.81
0.06    0.03  0.03   2500   4
0.00   0.06  0.004  0.006   -0.002    0.0  0.0  0.001
0.00   0.07  0.004  0.004   -0.001    0.0  0.0  0.001
0.00   0.03  0.004  0.001    0.006    0.0  0.0  0.001
0.001  0.01  0.004  0.000    0.002    0.0  0.0  0.001 
0.011  0.02  0.004  0.002    0.0001   0.0  0.0  0.001 
0.021  0.03  0.004  0.004    0.000    0.0  0.0  0.001   
0.031  0.05  0.004  0.000    0.002    0.0  0.0  0.001 
0.02   0.06  0.004  -0.003   0.002    0.0  0.0  0.001
0.00   0.055 0.004  0.004    0.00     0.0  0.0  0.001
0.03 0.01    0.004  0.005    0.002    0.0  0.0  0.001
0.04 0.01    0.004 -0.000    0.00     0.0  0.0  0.001

11 1000000 0.0001
1000 1.1 24 71.99 9.81
0.06    0.03  0.03   2500   0
0.00   0.07  0.004  0.1   -0.01    0.0  0.0  0.005
0.00   0.03  0.004  0.0    0.0    0.0  0.0  0.001
0.001  0.01  0.004  0.0    0.0    0.0  0.0  0.001 
0.03 0.01    0.004  0.005 0.002 0.0 0.0 0.005
0.04 0.01    0.004 -0.000 0.0 0.0 0.0 0.005
0.011  0.02  0.004  0.0    0.0    0.0  0.0  0.001 
0.021  0.03  0.004  0.0    0.0    0.0  0.0  0.001   
0.031  0.05  0.004  0.0    0.0    0.0  0.0  0.001 
0.02   0.06  0.004  0.0    0.0    0.0  0.0  0.001
0.00   0.06  0.004  0.0    0.0    0.0  0.0  0.001
0.00   0.055 0.004  0.0    0.0    0.0  0.0  0.001

11 1000000 0.001
1000 1.1 24 71.99 9.81
0.06    0.03  0.03   2500   1
0.00   0.07  0.004  0.0   -0.001    0.0  0.0  0.005
0.00   0.03  0.004  0.0    0.0    0.0  0.0  0.001
0.001  0.01  0.004  0.0    0.0    0.0  0.0  0.001 
0.03 0.01    0.004  0.005 0.002 0.0 0.0 0.005
0.04 0.01    0.004 -0.000 0.0 0.0 0.0 0.005
0.011  0.02  0.004  0.0    0.0    0.0  0.0  0.001 
0.021  0.03  0.004  0.0    0.0    0.0  0.0  0.001   
0.031  0.05  0.004  0.0    0.0    0.0  0.0  0.001 
0.02   0.06  0.004  0.0    0.0    0.0  0.0  0.001
0.00   0.06  0.004  0.0    0.0    0.0  0.0  0.001
0.00   0.055 0.004  0.0    0.0    0.0  0.0  0.001
11 100000 0.0001
1000 1.1 24 71.99 9.81
0.06    0.03  0.03   2500   1
0.00   0.07  0.004  0.0    0.0    0.0  0.0  0.001
0.00   0.03  0.004  0.0    0.0    0.0  0.0  0.001
0.001  0.01  0.004  0.0    0.0    0.0  0.0  0.001 
0.011  0.02  0.004  0.0    0.0    0.0  0.0  0.001 
0.021  0.03  0.004  0.0    0.0    0.0  0.0  0.001   
0.031  0.05  0.004  0.0    0.0    0.0  0.0  0.001 
0.02   0.06  0.004  0.0    0.0    0.0  0.0  0.001
0.00   0.06  0.004  0.0    0.0    0.0  0.0  0.001
0.00   0.055 0.004  0.0    0.0    0.0  0.0  0.001
0.03 0.01    0.004  0.00   0.0    0.0  0.0  0.001
0.04 0.01    0.004 -0.00   0.0    0.0  0.0  0.001

1 3000000 0.0001
1000 1.1 24 71.99 9.81
0.06    0.03  0.03   2500   1
0.03 0.01    0.004  0.005 0.002 0.0 0.0 0.005
0.011  0.02  0.004  0.0    0.0    0.0  0.0  0.001 




11 1000000 0.0001
1000 1.1 24 71.99 9.81
0.00   0.07  0.004  0.004   -0.001    0.0  0.0  0.001
0.00   0.03  0.004  0.001    0.006    0.0  0.0  0.001
0.001  0.01  0.004  0.000    0.002    0.0  0.0  0.001 
0.011  0.02  0.004  0.002    0.0001    0.0  0.0  0.001 
0.021  0.03  0.004  0.004    0.000    0.0  0.0  0.001   
0.031  0.05  0.004  0.000    0.002    0.0  0.0  0.001 
0.02   0.06  0.004  -0.003   0.002    0.0  0.0  0.001
0.00   0.06  0.004  0.006   -0.002    0.0  0.0  0.001
0.00   0.055 0.004  0.004    0.00    0.0  0.0  0.001
0.03 0.01    0.004  0.005    0.002 0.0 0.0 0.001
0.04 0.01    0.004 -0.000    0.00 0.0 0.0 0.001



nb_cheerios NT dt                             
rho_liq rho_air rho_cheerio surface_tension g 
posx   posy   d      v_x    v_y    a_x  a_y  m  
tout en unite SI  sauf la tension de surface le quelle est dans mN/m

3 1000000 0.01
1000 1.1 24 71.99 9.81
0.00   0.07  0.004  0.0    0.0    0.0  0.0  0.001
0.00   0.04 0.004  0.0    0.0    0.0  0.0  0.001
0.00   0.05  0.004  0.0    0.0    0.0  0.0  0.001

0.02   0.06  0.004  0.0    0.0    0.0  0.0  0.001





nb_cheerios NT dt                             
rho_liq rho_air rho_cheerio surface_tension g 
posx   posy   d      v_x    v_y    a_x  a_y  m  
tout en unite SI  sauf la tension de surface le quelle est dans mN/m

11 1000000 0.001
0.00   0.07  0.004  0.04   -0.01    0.0  0.0  0.005
0.00   0.03  0.004  0.01    0.06    0.0  0.0  0.001
0.001  0.01  0.004  0.0     0.02    0.0  0.0  0.001 
0.011  0.02  0.004  0.02    0.001    0.0  0.0  0.001 
0.021  0.03  0.004  0.04    0.0    0.0  0.0  0.001   
0.031  0.05  0.004  0.00    0.02    0.0  0.0  0.001 
0.02   0.06  0.004 -0.03    0.02    0.0  0.0  0.001
0.00   0.06  0.004  0.06   -0.02    0.0  0.0  0.001
0.00   0.055 0.004  0.04    0.0    0.0  0.0  0.001
0.03 0.01    0.004 0.05   0.02 0.0 0.0 0.005
0.04 0.01   0.004 -0.00  0.0 0.0 0.0 0.005





2 10000 0.0001
0.01 0.014 0.005  0.0    0.0    0.0  0.0  0.001 
0.01 0.02 0.005  0.0    0.0    0.0  0.0  0.001 

4 100000 0.00001
0.01 0.013 0.005  0.0    0.0    0.0  0.0  0.001 
0.01 0.02 0.005  0.0    0.0    0.0  0.0  0.001 
0.013  0.04  0.005  0.0    0.0    0.0  0.0  0.001 
0.02  0.04  0.005  0.0    0.0    0.0  0.0  0.001 





2 10000 0.001
0.01  0.01  0.005  0.0    0.0    0.0  0.0  0.001 
0.02  0.01  0.005  0.0    0.0    0.0  0.0  0.001 



0.041  0.004 0.003  0.0    0.0    0.0  0.0  0.001 

2 100000 0.0001
posx   posy   d      v_x    v_y    a_x  a_y  m      en unite si


3 100000 0.0001
0.011  0.02  0.003  0.0    0.0    0.0  0.0  0.001 
0.021  0.03  0.007  0.0    0.0    0.0  0.0  0.001 
0.00   0.03  0.003  0.0    0.0    0.0  0.0  0.001 



9 100000 0.01
0.00   0.07  0.006  0.0    -0.0    0.0  0.0  0.005
0.00   0.03  0.003  0.0    0.0    0.0  0.0  0.001
0.011  0.02  0.003  0.0    0.0    0.0  0.0  0.001 
0.021  0.03  0.007  0.0    0.0    0.0  0.0  0.001   
0.031  0.05  0.003  0.0    0.0    0.0  0.0  0.001 
0.041  0.004 0.003  0.0    0.0    0.0  0.0  0.001 
0.02   0.06  0.003  0.0    0.0    0.0  0.0  0.001
0.00   0.06  0.003  0.0    0.0    0.0  0.0  0.001
0.00   0.055  0.003  0.0    0.0    0.0  0.0  0.001
Ceci avait des problemes 





3 100000 0.0001
0.011  0.02  0.003  0.0    0.0    0.0  0.0  0.001 
0.021  0.03  0.007  0.0    0.0    0.0  0.0  0.001 
0.00   0.03  0.003  0.0    0.0    0.0  0.0  0.001 





4 1000000 0.0001
0.001  0.01  0.003  0.0    0.0    0.0  0.0  0.001 
0.011  0.02  0.003  0.0    0.0    0.0  0.0  0.001 
0.021  0.03  0.007  0.0    0.0    0.0  0.0  0.001 
0.00   0.03  0.003  0.0    0.0    0.0  0.0  0.001 



6 30000 0.001
0.01   0.0  0.003   0.0    0.0    0.0  0.0  0.001 
0.011  0.0  0.0013  0.0    0.0    0.0  0.0  0.001 
0.021  0.0  0.0023  0.0    0.0    0.0  0.0  0.001   
0.031  0.0  0.0033  0.0    0.0    0.0  0.0  0.001 
0.041  0.0  0.0043  0.0    0.0    0.0  0.0  0.001 
0.02   0.0  0.003   0.0    0.0    0.0  0.0  0.001
posx   posy   d      v_x    v_y    a_x  a_y  m      en unite si


3 50000 0.001
0.00   0.06  0.006  0.0    -0.01    0.0  0.0  0.005
0.00   0.03  0.003  0.0    0.0    0.0  0.0  0.001
0.01   0.03  0.003  0.0    0.0    0.0  0.0  0.001







10 90000 0.001
0.00   0.07  0.006  0.0    -0.0    0.0  0.0  0.005
0.00   0.03  0.003  0.0    0.0    0.0  0.0  0.001
0.001  0.01  0.003  0.0    0.0    0.0  0.0  0.001 
0.011  0.02  0.003  0.0    0.0    0.0  0.0  0.001 
0.021  0.03  0.007  0.0    0.0    0.0  0.0  0.001   
0.031  0.05  0.003  0.0    0.0    0.0  0.0  0.001 
0.041  0.004 0.003  0.0    0.0    0.0  0.0  0.001 
0.02   0.06  0.003  0.0    0.0    0.0  0.0  0.001
0.00   0.06  0.003  0.0    0.0    0.0  0.0  0.001
0.00   0.055  0.003  0.0    0.0    0.0  0.0  0.001




8 9000  0.0001
0.001  0.01  0.003  0.0    0.0    0.0  0.0  0.001 
0.011  0.02  0.003  0.0    0.0    0.0  0.0  0.001 
0.021  0.03  0.007  0.0    0.0    0.0  0.0  0.001   
0.031  0.05  0.003  0.0    0.0    0.0  0.0  0.001 
0.041  0.004 0.003  0.0    0.0    0.0  0.0  0.001 
0.02   0.06  0.003  0.0    0.0    0.0  0.0  0.001
0.00   0.06  0.003  0.0    0.0    0.0  0.0  0.001
0.00   0.055  0.003  0.0    0.0    0.0  0.0  0.001



2 3000 0.01
0.01  0.01  0.003  0.0    0.0    0.0  0.0  0.001 
0.015  0.015  0.003  0.0    0.0    0.0  0.0  0.002 
