0 0.0000000000000000 0.0699900000000000 0.0040000000000000
0 0.0000000000000000 0.0300000000000000 0.0040000000000000
0 0.0010000000000000 0.0100000000000000 0.0040000000000000
0 0.0110000000000000 0.0200000000000000 0.0040000000000000
0 0.0210000000000000 0.0300000000000000 0.0040000000000000
0 0.0310000000000000 0.0500000000000000 0.0040000000000000
0 0.0200000000000000 0.0600000000000000 0.0040000000000000
0 0.0000000000000000 0.0600000000000000 0.0040000000000000
0 0.0000000000000000 0.0550000000000000 0.0040000000000000
0 0.0300500000000000 0.0100200000000000 0.0040000000000000
0 0.0400000000000000 0.0100000000000000 0.0040000000000000
25 0.0000000427848686 0.0697319083562269 0.0040000000000000
25 0.0000038791304886 0.0299963731352386 0.0040000000000000
25 0.0010044257602692 0.0100050285532283 0.0040000000000000
25 0.0109968284671229 0.0200029968386810 0.0040000000000000
25 0.0209953990691298 0.0299955156393869 0.0040000000000000
25 0.0309964356156331 0.0500029247401506 0.0040000000000000
25 0.0200021840691105 0.0599968456093068 0.0040000000000000
25 0.0000005976529427 0.0596804932078541 0.0040000000000000
25 0.0000004659853683 0.0553598710283835 0.0040000000000000
25 0.0313083308529476 0.0105199181626927 0.0040000000000000
25 0.0399915832121707 0.0100001637306344 0.0040000000000000
50 -0.0000036231686764 0.0764841375981307 0.0040000000000000
50 0.0000152450688879 0.0299858343361918 0.0040000000000000
50 0.1644108435247292 -0.4116187142906275 0.0040000000000000
50 0.0109874076759228 0.0200118254200968 0.0040000000000000
50 0.0209819339217976 0.0299824143113224 0.0040000000000000
50 0.0309859957993527 0.0500114937179726 0.0040000000000000
50 0.0200086510614172 0.0599876282142112 0.0040000000000000
50 0.0006245012113808 0.1363076959846200 0.0040000000000000
50 -0.1639948763113248 0.3653596200251835 0.0040000000000000
50 0.0325902689108093 0.0110184256424841 0.0040000000000000
50 0.0399594138674344 0.0100018772155911 0.0040000000000000
